ct,time,alert_count,user_count1,user_avg_speed1,tempeature(K),humidity,wind speed
17031010100,2016-08-17 10:00:00,0,0,0.0,78.1,71,9.2
17031010201,2016-08-17 10:00:00,0,0,0.0,78.1,71,9.2
17031010202,2016-08-17 10:00:00,0,0,0.0,78.1,71,9.2
17031010300,2016-08-17 10:00:00,0,0,0.0,78.1,71,9.2
17031010400,2016-08-17 10:00:00,1,1,10.820524304300001,78.1,71,9.2
17031010501,2016-08-17 10:00:00,0,0,0.0,78.1,71,9.2
17031010502,2016-08-17 10:00:00,1,0,0.0,78.1,71,9.2
17031010503,2016-08-17 10:00:00,0,0,0.0,78.1,71,9.2
17031010600,2016-08-17 10:00:00,0,0,0.0,78.1,71,9.2
17031010701,2016-08-17 10:00:00,0,0,0.0,78.1,71,9.2
17031010702,2016-08-17 10:00:00,0,0,0.0,78.1,71,9.2
17031020100,2016-08-17 10:00:00,0,0,0.0,78.1,71,9.2
17031020200,2016-08-17 10:00:00,0,2,13.221201256099999,78.1,71,9.2
17031020301,2016-08-17 10:00:00,0,0,0.0,78.1,71,9.2
17031020302,2016-08-17 10:00:00,0,0,0.0,78.1,71,9.2
17031020400,2016-08-17 10:00:00,0,0,0.0,78.1,71,9.2
17031020500,2016-08-17 10:00:00,0,3,0.0,78.1,71,9.2
17031020601,2016-08-17 10:00:00,0,0,0.0,78.1,71,9.2
17031020602,2016-08-17 10:00:00,0,3,0.0,78.1,71,9.2
17031020701,2016-08-17 10:00:00,0,0,0.0,78.1,71,9.2
17031020702,2016-08-17 10:00:00,0,3,8.93385244653,78.1,71,9.2
17031020801,2016-08-17 10:00:00,0,0,0.0,78.1,71,9.2
17031020802,2016-08-17 10:00:00,0,0,0.0,78.1,71,9.2
17031020901,2016-08-17 10:00:00,0,0,0.0,78.1,71,9.2
17031020902,2016-08-17 10:00:00,0,0,0.0,78.1,71,9.2
17031030101,2016-08-17 10:00:00,0,0,0.0,78.1,71,9.2
17031030102,2016-08-17 10:00:00,0,0,0.0,78.1,71,9.2
17031030103,2016-08-17 10:00:00,0,0,0.0,78.1,71,9.2
17031030104,2016-08-17 10:00:00,0,0,0.0,78.1,71,9.2
17031030200,2016-08-17 10:00:00,0,0,0.0,78.1,71,9.2
17031030300,2016-08-17 10:00:00,0,0,0.0,78.1,71,9.2
17031030400,2016-08-17 10:00:00,0,0,0.0,78.1,71,9.2
17031030500,2016-08-17 10:00:00,1,0,0.0,78.1,71,9.2
17031030601,2016-08-17 10:00:00,1,0,0.0,78.1,71,9.2
17031030603,2016-08-17 10:00:00,0,1,3.00710197428,78.1,71,9.2
17031030604,2016-08-17 10:00:00,0,0,0.0,78.1,71,9.2
17031030701,2016-08-17 10:00:00,0,0,0.0,78.1,71,9.2
17031030702,2016-08-17 10:00:00,0,0,0.0,78.1,71,9.2
17031030703,2016-08-17 10:00:00,0,0,0.0,78.1,71,9.2
17031030706,2016-08-17 10:00:00,0,4,25.886772407800002,78.1,71,9.2
17031030800,2016-08-17 10:00:00,0,0,0.0,78.1,71,9.2
17031030900,2016-08-17 10:00:00,0,0,0.0,78.1,71,9.2
17031031000,2016-08-17 10:00:00,0,8,11.804040639,78.1,71,9.2
17031031100,2016-08-17 10:00:00,0,0,0.0,78.1,71,9.2
17031031200,2016-08-17 10:00:00,0,0,0.0,78.1,71,9.2
17031031300,2016-08-17 10:00:00,0,0,0.0,78.1,71,9.2
17031031400,2016-08-17 10:00:00,0,2,20.3414052879,78.1,71,9.2
17031031501,2016-08-17 10:00:00,0,0,0.0,78.1,71,9.2
17031031502,2016-08-17 10:00:00,0,0,0.0,78.1,71,9.2
17031031700,2016-08-17 10:00:00,0,0,0.0,78.1,71,9.2
17031031800,2016-08-17 10:00:00,0,0,0.0,78.1,71,9.2
17031031900,2016-08-17 10:00:00,0,4,0.0,78.1,71,9.2
17031032100,2016-08-17 10:00:00,0,0,0.0,78.1,71,9.2
17031040100,2016-08-17 10:00:00,0,0,0.0,78.1,71,9.2
17031040201,2016-08-17 10:00:00,0,10,8.31324609666,78.1,71,9.2
17031040202,2016-08-17 10:00:00,0,10,8.31324609666,78.1,71,9.2
17031040300,2016-08-17 10:00:00,0,0,0.0,78.1,71,9.2
17031040401,2016-08-17 10:00:00,0,0,0.0,78.1,71,9.2
17031040402,2016-08-17 10:00:00,0,0,0.0,78.1,71,9.2
17031040600,2016-08-17 10:00:00,0,0,0.0,78.1,71,9.2
17031040700,2016-08-17 10:00:00,0,6,8.16430822,78.1,71,9.2
17031040800,2016-08-17 10:00:00,0,0,0.0,78.1,71,9.2
17031040900,2016-08-17 10:00:00,0,0,0.0,78.1,71,9.2
17031050100,2016-08-17 10:00:00,0,0,0.0,78.1,71,9.2
17031050200,2016-08-17 10:00:00,1,0,0.0,78.1,71,9.2
17031050300,2016-08-17 10:00:00,0,0,0.0,78.1,71,9.2
17031050500,2016-08-17 10:00:00,1,13,6.21877795872,78.1,71,9.2
17031050600,2016-08-17 10:00:00,0,0,0.0,78.1,71,9.2
17031050700,2016-08-17 10:00:00,0,0,0.0,78.1,71,9.2
17031050800,2016-08-17 10:00:00,0,0,0.0,78.1,71,9.2
17031050900,2016-08-17 10:00:00,1,0,0.0,78.1,71,9.2
17031051000,2016-08-17 10:00:00,0,9,6.0352990894300005,78.1,71,9.2
17031051100,2016-08-17 10:00:00,0,0,0.0,78.1,71,9.2
17031051200,2016-08-17 10:00:00,0,0,0.0,78.1,71,9.2
17031051300,2016-08-17 10:00:00,0,0,0.0,78.1,71,9.2
17031051400,2016-08-17 10:00:00,0,9,6.0352990894300005,78.1,71,9.2
17031060100,2016-08-17 10:00:00,0,6,0.054461056864999996,78.1,71,9.2
17031060200,2016-08-17 10:00:00,0,0,0.0,78.1,71,9.2
17031060300,2016-08-17 10:00:00,0,0,0.0,78.1,71,9.2
17031060400,2016-08-17 10:00:00,0,0,0.0,78.1,71,9.2
17031060500,2016-08-17 10:00:00,0,0,0.0,78.1,71,9.2
17031060800,2016-08-17 10:00:00,0,4,0.913798345874,78.1,71,9.2
17031060900,2016-08-17 10:00:00,0,9,0.849299718977,78.1,71,9.2
17031061000,2016-08-17 10:00:00,0,0,0.0,78.1,71,9.2
17031061100,2016-08-17 10:00:00,0,0,0.0,78.1,71,9.2
17031061200,2016-08-17 10:00:00,0,0,0.0,78.1,71,9.2
17031061500,2016-08-17 10:00:00,0,0,0.0,78.1,71,9.2
17031061800,2016-08-17 10:00:00,0,5,0.797700817459,78.1,71,9.2
17031061901,2016-08-17 10:00:00,0,0,0.0,78.1,71,9.2
17031061902,2016-08-17 10:00:00,0,0,0.0,78.1,71,9.2
17031062000,2016-08-17 10:00:00,0,0,0.0,78.1,71,9.2
17031062100,2016-08-17 10:00:00,0,0,0.0,78.1,71,9.2
17031062200,2016-08-17 10:00:00,0,0,0.0,78.1,71,9.2
17031062300,2016-08-17 10:00:00,0,0,0.0,78.1,71,9.2
17031062400,2016-08-17 10:00:00,0,0,0.0,78.1,71,9.2
17031062500,2016-08-17 10:00:00,0,0,0.0,78.1,71,9.2
17031062600,2016-08-17 10:00:00,0,0,0.0,78.1,71,9.2
17031062700,2016-08-17 10:00:00,0,0,0.0,78.1,71,9.2
17031062800,2016-08-17 10:00:00,0,7,0.0,78.1,71,9.2
17031062900,2016-08-17 10:00:00,0,0,0.0,78.1,71,9.2
17031063000,2016-08-17 10:00:00,0,0,0.0,78.1,71,9.2
17031063100,2016-08-17 10:00:00,0,0,0.0,78.1,71,9.2
17031063200,2016-08-17 10:00:00,0,3,15.7837436056,78.1,71,9.2
17031063301,2016-08-17 10:00:00,0,0,0.0,78.1,71,9.2
17031063302,2016-08-17 10:00:00,0,0,0.0,78.1,71,9.2
17031063303,2016-08-17 10:00:00,0,0,0.0,78.1,71,9.2
17031063400,2016-08-17 10:00:00,0,0,0.0,78.1,71,9.2
17031070101,2016-08-17 10:00:00,0,5,15.104161236600001,78.1,71,9.2
17031070102,2016-08-17 10:00:00,0,0,0.0,78.1,71,9.2
17031070103,2016-08-17 10:00:00,0,0,0.0,78.1,71,9.2
17031070200,2016-08-17 10:00:00,0,0,0.0,78.1,71,9.2
17031070300,2016-08-17 10:00:00,0,0,0.0,78.1,71,9.2
17031070400,2016-08-17 10:00:00,0,0,0.0,78.1,71,9.2
17031070500,2016-08-17 10:00:00,0,0,0.0,78.1,71,9.2
17031070600,2016-08-17 10:00:00,0,0,0.0,78.1,71,9.2
17031070700,2016-08-17 10:00:00,0,9,6.54975069748,78.1,71,9.2
17031071000,2016-08-17 10:00:00,0,0,0.0,78.1,71,9.2
17031071100,2016-08-17 10:00:00,0,0,0.0,78.1,71,9.2
17031071200,2016-08-17 10:00:00,0,0,0.0,78.1,71,9.2
17031071300,2016-08-17 10:00:00,0,2,2.7247575463800002,78.1,71,9.2
17031071400,2016-08-17 10:00:00,0,7,11.567188753699998,78.1,71,9.2
17031071500,2016-08-17 10:00:00,0,23,19.3626255663,78.1,71,9.2
17031071600,2016-08-17 10:00:00,0,0,0.0,78.1,71,9.2
17031071700,2016-08-17 10:00:00,0,0,0.0,78.1,71,9.2
17031071800,2016-08-17 10:00:00,0,4,6.895455371930001,78.1,71,9.2
17031080100,2016-08-17 10:00:00,0,4,29.1776291225,78.1,71,9.2
17031080201,2016-08-17 10:00:00,0,0,0.0,78.1,71,9.2
17031080202,2016-08-17 10:00:00,0,0,0.0,78.1,71,9.2
17031080300,2016-08-17 10:00:00,0,0,0.0,78.1,71,9.2
17031080400,2016-08-17 10:00:00,0,4,4.6342122447800005,78.1,71,9.2
17031081000,2016-08-17 10:00:00,0,0,0.0,78.1,71,9.2
17031081100,2016-08-17 10:00:00,0,0,0.0,78.1,71,9.2
17031081201,2016-08-17 10:00:00,1,0,0.0,78.1,71,9.2
17031081300,2016-08-17 10:00:00,0,3,26.6618183041,78.1,71,9.2
17031081401,2016-08-17 10:00:00,0,5,1.5723631955500001,78.1,71,9.2
17031081402,2016-08-17 10:00:00,0,0,0.0,78.1,71,9.2
17031081500,2016-08-17 10:00:00,0,4,0.0905019399891,78.1,71,9.2
17031081600,2016-08-17 10:00:00,0,0,0.0,78.1,71,9.2
17031081700,2016-08-17 10:00:00,0,13,2.55028453004,78.1,71,9.2
17031081800,2016-08-17 10:00:00,2,23,4.754503360209999,78.1,71,9.2
17031081900,2016-08-17 10:00:00,0,5,9.3931776458,78.1,71,9.2
17031090100,2016-08-17 10:00:00,0,0,0.0,78.1,71,9.2
17031090200,2016-08-17 10:00:00,0,0,0.0,78.1,71,9.2
17031090300,2016-08-17 10:00:00,0,0,0.0,78.1,71,9.2
17031100100,2016-08-17 10:00:00,0,2,0.301074647143,78.1,71,9.2
17031100200,2016-08-17 10:00:00,0,2,0.301074647143,78.1,71,9.2
17031100300,2016-08-17 10:00:00,0,0,0.0,78.1,71,9.2
17031100400,2016-08-17 10:00:00,0,0,0.0,78.1,71,9.2
17031100500,2016-08-17 10:00:00,2,9,6.7708610315,78.1,71,9.2
17031100600,2016-08-17 10:00:00,1,11,14.4557059187,78.1,71,9.2
17031100700,2016-08-17 10:00:00,0,4,11.8254831011,78.1,71,9.2
17031110100,2016-08-17 10:00:00,3,9,17.3450121129,78.1,71,9.2
17031110200,2016-08-17 10:00:00,0,18,6.00036023793,78.1,71,9.2
17031110300,2016-08-17 10:00:00,2,2,14.8271457776,78.1,71,9.2
17031110400,2016-08-17 10:00:00,0,28,9.79896974585,78.1,71,9.2
17031110501,2016-08-17 10:00:00,0,6,6.13429218979,78.1,71,9.2
17031110502,2016-08-17 10:00:00,1,6,0.0,78.1,71,9.2
17031120100,2016-08-17 10:00:00,3,12,13.048412613900002,78.1,71,9.2
17031120200,2016-08-17 10:00:00,3,10,15.5978802073,78.1,71,9.2
17031120300,2016-08-17 10:00:00,0,0,0.0,78.1,71,9.2
17031120400,2016-08-17 10:00:00,1,0,0.0,78.1,71,9.2
17031130100,2016-08-17 10:00:00,0,4,7.142842472460001,78.1,71,9.2
17031130200,2016-08-17 10:00:00,1,7,27.904275855700003,78.1,71,9.2
17031130300,2016-08-17 10:00:00,0,0,0.0,78.1,71,9.2
17031140100,2016-08-17 10:00:00,1,0,0.0,78.1,71,9.2
17031140200,2016-08-17 10:00:00,1,0,0.0,78.1,71,9.2
17031140301,2016-08-17 10:00:00,0,0,0.0,78.1,71,9.2
17031140302,2016-08-17 10:00:00,0,6,14.247364924600001,78.1,71,9.2
17031140400,2016-08-17 10:00:00,0,7,27.904275855700003,78.1,71,9.2
17031140500,2016-08-17 10:00:00,0,0,0.0,78.1,71,9.2
17031140601,2016-08-17 10:00:00,0,0,0.0,78.1,71,9.2
17031140602,2016-08-17 10:00:00,0,0,0.0,78.1,71,9.2
17031140701,2016-08-17 10:00:00,0,0,0.0,78.1,71,9.2
17031140702,2016-08-17 10:00:00,0,0,0.0,78.1,71,9.2
17031140800,2016-08-17 10:00:00,0,6,8.16430822,78.1,71,9.2
17031150200,2016-08-17 10:00:00,1,8,31.2261927952,78.1,71,9.2
17031150300,2016-08-17 10:00:00,0,4,5.306141944469999,78.1,71,9.2
17031150401,2016-08-17 10:00:00,0,0,0.0,78.1,71,9.2
17031150402,2016-08-17 10:00:00,0,0,0.0,78.1,71,9.2
17031150501,2016-08-17 10:00:00,0,0,0.0,78.1,71,9.2
17031150502,2016-08-17 10:00:00,0,0,0.0,78.1,71,9.2
17031150600,2016-08-17 10:00:00,1,0,0.0,78.1,71,9.2
17031150700,2016-08-17 10:00:00,1,0,0.0,78.1,71,9.2
17031150800,2016-08-17 10:00:00,1,0,0.0,78.1,71,9.2
17031151001,2016-08-17 10:00:00,0,0,0.0,78.1,71,9.2
17031151002,2016-08-17 10:00:00,0,8,12.2298254294,78.1,71,9.2
17031151100,2016-08-17 10:00:00,0,7,7.30536741156,78.1,71,9.2
17031151200,2016-08-17 10:00:00,0,0,0.0,78.1,71,9.2
17031160100,2016-08-17 10:00:00,0,17,14.6351522735,78.1,71,9.2
17031160200,2016-08-17 10:00:00,0,20,26.5710769387,78.1,71,9.2
17031160300,2016-08-17 10:00:00,0,0,0.0,78.1,71,9.2
17031160400,2016-08-17 10:00:00,0,0,0.0,78.1,71,9.2
17031160501,2016-08-17 10:00:00,0,0,0.0,78.1,71,9.2
17031160502,2016-08-17 10:00:00,0,3,4.512908932819999,78.1,71,9.2
17031160601,2016-08-17 10:00:00,0,7,5.1026608507199995,78.1,71,9.2
17031160602,2016-08-17 10:00:00,1,7,5.1026608507199995,78.1,71,9.2
17031160700,2016-08-17 10:00:00,3,2,8.929430930339999,78.1,71,9.2
17031160800,2016-08-17 10:00:00,2,2,8.929430930339999,78.1,71,9.2
17031160900,2016-08-17 10:00:00,1,0,0.0,78.1,71,9.2
17031161000,2016-08-17 10:00:00,0,0,0.0,78.1,71,9.2
17031161100,2016-08-17 10:00:00,0,0,0.0,78.1,71,9.2
17031161200,2016-08-17 10:00:00,0,6,7.55397005627,78.1,71,9.2
17031161300,2016-08-17 10:00:00,0,0,0.0,78.1,71,9.2
17031170100,2016-08-17 10:00:00,0,0,0.0,78.1,71,9.2
17031170200,2016-08-17 10:00:00,0,0,0.0,78.1,71,9.2
17031170300,2016-08-17 10:00:00,0,4,10.7800026655,78.1,71,9.2
17031170400,2016-08-17 10:00:00,0,0,0.0,78.1,71,9.2
17031170500,2016-08-17 10:00:00,0,0,0.0,78.1,71,9.2
17031170600,2016-08-17 10:00:00,0,0,0.0,78.1,71,9.2
17031170700,2016-08-17 10:00:00,0,0,0.0,78.1,71,9.2
17031170800,2016-08-17 10:00:00,0,0,0.0,78.1,71,9.2
17031170900,2016-08-17 10:00:00,0,0,0.0,78.1,71,9.2
17031171000,2016-08-17 10:00:00,0,0,0.0,78.1,71,9.2
17031171100,2016-08-17 10:00:00,0,0,0.0,78.1,71,9.2
17031180100,2016-08-17 10:00:00,0,0,0.0,78.1,71,9.2
17031190100,2016-08-17 10:00:00,0,0,0.0,78.1,71,9.2
17031190200,2016-08-17 10:00:00,0,0,0.0,78.1,71,9.2
17031190300,2016-08-17 10:00:00,0,0,0.0,78.1,71,9.2
17031190401,2016-08-17 10:00:00,0,0,0.0,78.1,71,9.2
17031190402,2016-08-17 10:00:00,0,0,0.0,78.1,71,9.2
17031190601,2016-08-17 10:00:00,0,0,0.0,78.1,71,9.2
17031190602,2016-08-17 10:00:00,0,0,0.0,78.1,71,9.2
17031190701,2016-08-17 10:00:00,0,0,0.0,78.1,71,9.2
17031190702,2016-08-17 10:00:00,0,0,0.0,78.1,71,9.2
17031190800,2016-08-17 10:00:00,0,0,0.0,78.1,71,9.2
17031190900,2016-08-17 10:00:00,0,0,0.0,78.1,71,9.2
17031191000,2016-08-17 10:00:00,0,0,0.0,78.1,71,9.2
17031191100,2016-08-17 10:00:00,0,0,0.0,78.1,71,9.2
17031191200,2016-08-17 10:00:00,0,0,0.0,78.1,71,9.2
17031191301,2016-08-17 10:00:00,0,0,0.0,78.1,71,9.2
17031191302,2016-08-17 10:00:00,0,0,0.0,78.1,71,9.2
17031200100,2016-08-17 10:00:00,0,0,0.0,78.1,71,9.2
17031200200,2016-08-17 10:00:00,0,0,0.0,78.1,71,9.2
17031200300,2016-08-17 10:00:00,0,0,0.0,78.1,71,9.2
17031200401,2016-08-17 10:00:00,0,0,0.0,78.1,71,9.2
17031200402,2016-08-17 10:00:00,0,0,0.0,78.1,71,9.2
17031210100,2016-08-17 10:00:00,0,14,6.72023414301,78.1,71,9.2
17031210400,2016-08-17 10:00:00,0,0,0.0,78.1,71,9.2
17031210501,2016-08-17 10:00:00,0,4,1.82445320488,78.1,71,9.2
17031210502,2016-08-17 10:00:00,0,0,0.0,78.1,71,9.2
17031210601,2016-08-17 10:00:00,0,6,8.57294958441,78.1,71,9.2
17031210602,2016-08-17 10:00:00,1,0,0.0,78.1,71,9.2
17031210700,2016-08-17 10:00:00,0,4,14.8093502309,78.1,71,9.2
17031210800,2016-08-17 10:00:00,0,9,8.37416013446,78.1,71,9.2
17031210900,2016-08-17 10:00:00,0,0,0.0,78.1,71,9.2
17031220300,2016-08-17 10:00:00,0,6,13.316763652899999,78.1,71,9.2
17031220400,2016-08-17 10:00:00,0,5,11.1959610174,78.1,71,9.2
17031220500,2016-08-17 10:00:00,0,0,0.0,78.1,71,9.2
17031220601,2016-08-17 10:00:00,1,0,0.0,78.1,71,9.2
17031220602,2016-08-17 10:00:00,0,7,3.8120550682,78.1,71,9.2
17031220701,2016-08-17 10:00:00,0,4,13.1404060154,78.1,71,9.2
17031220702,2016-08-17 10:00:00,0,4,13.1404060154,78.1,71,9.2
17031220901,2016-08-17 10:00:00,0,0,0.0,78.1,71,9.2
17031220902,2016-08-17 10:00:00,0,4,13.1404060154,78.1,71,9.2
17031221000,2016-08-17 10:00:00,0,0,0.0,78.1,71,9.2
17031221100,2016-08-17 10:00:00,2,0,0.0,78.1,71,9.2
17031221200,2016-08-17 10:00:00,0,0,0.0,78.1,71,9.2
17031221300,2016-08-17 10:00:00,0,0,0.0,78.1,71,9.2
17031221400,2016-08-17 10:00:00,0,0,0.0,78.1,71,9.2
17031221500,2016-08-17 10:00:00,0,0,0.0,78.1,71,9.2
17031221600,2016-08-17 10:00:00,0,0,0.0,78.1,71,9.2
17031222200,2016-08-17 10:00:00,0,0,0.0,78.1,71,9.2
17031222500,2016-08-17 10:00:00,0,0,0.0,78.1,71,9.2
17031222600,2016-08-17 10:00:00,0,0,0.0,78.1,71,9.2
17031222700,2016-08-17 10:00:00,1,0,0.0,78.1,71,9.2
17031222800,2016-08-17 10:00:00,0,0,0.0,78.1,71,9.2
17031222900,2016-08-17 10:00:00,0,0,0.0,78.1,71,9.2
17031230100,2016-08-17 10:00:00,0,0,0.0,78.1,71,9.2
17031230200,2016-08-17 10:00:00,0,0,0.0,78.1,71,9.2
17031230300,2016-08-17 10:00:00,0,0,0.0,78.1,71,9.2
17031230400,2016-08-17 10:00:00,0,0,0.0,78.1,71,9.2
17031230500,2016-08-17 10:00:00,0,0,0.0,78.1,71,9.2
17031230600,2016-08-17 10:00:00,0,0,0.0,78.1,71,9.2
17031230700,2016-08-17 10:00:00,0,0,0.0,78.1,71,9.2
17031230800,2016-08-17 10:00:00,0,5,8.14700500004,78.1,71,9.2
17031230900,2016-08-17 10:00:00,0,0,0.0,78.1,71,9.2
17031231100,2016-08-17 10:00:00,0,0,0.0,78.1,71,9.2
17031231200,2016-08-17 10:00:00,0,0,0.0,78.1,71,9.2
17031231500,2016-08-17 10:00:00,0,0,0.0,78.1,71,9.2
17031240200,2016-08-17 10:00:00,0,0,0.0,78.1,71,9.2
17031240300,2016-08-17 10:00:00,0,0,0.0,78.1,71,9.2
17031240500,2016-08-17 10:00:00,0,0,0.0,78.1,71,9.2
17031240600,2016-08-17 10:00:00,0,8,13.3286858732,78.1,71,9.2
17031240700,2016-08-17 10:00:00,0,0,0.0,78.1,71,9.2
17031240800,2016-08-17 10:00:00,0,0,0.0,78.1,71,9.2
17031240900,2016-08-17 10:00:00,0,16,6.7620116281,78.1,71,9.2
17031241000,2016-08-17 10:00:00,0,0,0.0,78.1,71,9.2
17031241100,2016-08-17 10:00:00,0,0,0.0,78.1,71,9.2
17031241200,2016-08-17 10:00:00,0,0,0.0,78.1,71,9.2
17031241300,2016-08-17 10:00:00,0,0,0.0,78.1,71,9.2
17031241400,2016-08-17 10:00:00,0,7,2.97122839392,78.1,71,9.2
17031241500,2016-08-17 10:00:00,0,13,4.75429042864,78.1,71,9.2
17031241600,2016-08-17 10:00:00,1,5,0.0,78.1,71,9.2
17031242000,2016-08-17 10:00:00,0,0,0.0,78.1,71,9.2
17031242100,2016-08-17 10:00:00,0,0,0.0,78.1,71,9.2
17031242200,2016-08-17 10:00:00,0,0,0.0,78.1,71,9.2
17031242300,2016-08-17 10:00:00,0,0,0.0,78.1,71,9.2
17031242400,2016-08-17 10:00:00,1,14,10.286951501499999,78.1,71,9.2
17031242500,2016-08-17 10:00:00,1,6,6.5377637359300005,78.1,71,9.2
17031242600,2016-08-17 10:00:00,0,0,0.0,78.1,71,9.2
17031242700,2016-08-17 10:00:00,0,0,0.0,78.1,71,9.2
17031242800,2016-08-17 10:00:00,0,0,0.0,78.1,71,9.2
17031242900,2016-08-17 10:00:00,0,0,0.0,78.1,71,9.2
17031243000,2016-08-17 10:00:00,0,6,0.0737087486179,78.1,71,9.2
17031243100,2016-08-17 10:00:00,0,6,0.0737087486179,78.1,71,9.2
17031243200,2016-08-17 10:00:00,0,0,0.0,78.1,71,9.2
17031243300,2016-08-17 10:00:00,0,7,13.4094151731,78.1,71,9.2
17031243400,2016-08-17 10:00:00,1,8,11.1596475198,78.1,71,9.2
17031243500,2016-08-17 10:00:00,2,20,14.782882311099998,78.1,71,9.2
17031250200,2016-08-17 10:00:00,0,0,0.0,78.1,71,9.2
17031250300,2016-08-17 10:00:00,0,0,0.0,78.1,71,9.2
17031250400,2016-08-17 10:00:00,1,7,0.0365100754214,78.1,71,9.2
17031250500,2016-08-17 10:00:00,0,4,13.682412593099999,78.1,71,9.2
17031250600,2016-08-17 10:00:00,1,0,0.0,78.1,71,9.2
17031250700,2016-08-17 10:00:00,0,0,0.0,78.1,71,9.2
17031250800,2016-08-17 10:00:00,1,0,0.0,78.1,71,9.2
17031251000,2016-08-17 10:00:00,0,0,0.0,78.1,71,9.2
17031251100,2016-08-17 10:00:00,0,0,0.0,78.1,71,9.2
17031251200,2016-08-17 10:00:00,0,0,0.0,78.1,71,9.2
17031251300,2016-08-17 10:00:00,0,0,0.0,78.1,71,9.2
17031251400,2016-08-17 10:00:00,0,0,0.0,78.1,71,9.2
17031251500,2016-08-17 10:00:00,1,0,0.0,78.1,71,9.2
17031251600,2016-08-17 10:00:00,0,0,0.0,78.1,71,9.2
17031251700,2016-08-17 10:00:00,0,0,0.0,78.1,71,9.2
17031251800,2016-08-17 10:00:00,0,0,0.0,78.1,71,9.2
17031251900,2016-08-17 10:00:00,2,0,0.0,78.1,71,9.2
17031252000,2016-08-17 10:00:00,0,0,0.0,78.1,71,9.2
17031252101,2016-08-17 10:00:00,0,0,0.0,78.1,71,9.2
17031252102,2016-08-17 10:00:00,0,0,0.0,78.1,71,9.2
17031252201,2016-08-17 10:00:00,0,0,0.0,78.1,71,9.2
17031252202,2016-08-17 10:00:00,0,5,14.6664820722,78.1,71,9.2
17031260100,2016-08-17 10:00:00,0,0,0.0,78.1,71,9.2
17031260200,2016-08-17 10:00:00,0,0,0.0,78.1,71,9.2
17031260300,2016-08-17 10:00:00,1,0,0.0,78.1,71,9.2
17031260400,2016-08-17 10:00:00,0,0,0.0,78.1,71,9.2
17031260500,2016-08-17 10:00:00,1,0,0.0,78.1,71,9.2
17031260600,2016-08-17 10:00:00,0,0,0.0,78.1,71,9.2
17031260700,2016-08-17 10:00:00,1,0,0.0,78.1,71,9.2
17031260800,2016-08-17 10:00:00,0,0,0.0,78.1,71,9.2
17031260900,2016-08-17 10:00:00,0,0,0.0,78.1,71,9.2
17031261000,2016-08-17 10:00:00,0,0,0.0,78.1,71,9.2
17031270500,2016-08-17 10:00:00,2,5,11.084260441300001,78.1,71,9.2
17031271200,2016-08-17 10:00:00,0,4,30.9205981914,78.1,71,9.2
17031271300,2016-08-17 10:00:00,0,0,0.0,78.1,71,9.2
17031271400,2016-08-17 10:00:00,2,0,0.0,78.1,71,9.2
17031271500,2016-08-17 10:00:00,0,0,0.0,78.1,71,9.2
17031271800,2016-08-17 10:00:00,0,0,0.0,78.1,71,9.2
17031280100,2016-08-17 10:00:00,1,7,5.25567984582,78.1,71,9.2
17031280400,2016-08-17 10:00:00,0,0,0.0,78.1,71,9.2
17031280800,2016-08-17 10:00:00,0,0,0.0,78.1,71,9.2
17031280900,2016-08-17 10:00:00,0,0,0.0,78.1,71,9.2
17031281900,2016-08-17 10:00:00,2,0,0.0,78.1,71,9.2
17031282700,2016-08-17 10:00:00,0,7,25.790447786799998,78.1,71,9.2
17031282800,2016-08-17 10:00:00,0,0,0.0,78.1,71,9.2
17031283100,2016-08-17 10:00:00,0,0,0.0,78.1,71,9.2
17031283200,2016-08-17 10:00:00,0,0,0.0,78.1,71,9.2
17031283800,2016-08-17 10:00:00,0,0,0.0,78.1,71,9.2
17031290900,2016-08-17 10:00:00,0,0,0.0,78.1,71,9.2
17031291200,2016-08-17 10:00:00,0,0,0.0,78.1,71,9.2
17031291600,2016-08-17 10:00:00,0,0,0.0,78.1,71,9.2
17031292200,2016-08-17 10:00:00,0,0,0.0,78.1,71,9.2
17031292400,2016-08-17 10:00:00,0,0,0.0,78.1,71,9.2
17031292500,2016-08-17 10:00:00,0,0,0.0,78.1,71,9.2
17031300500,2016-08-17 10:00:00,0,0,0.0,78.1,71,9.2
17031300600,2016-08-17 10:00:00,0,0,0.0,78.1,71,9.2
17031300700,2016-08-17 10:00:00,0,0,0.0,78.1,71,9.2
17031300800,2016-08-17 10:00:00,0,0,0.0,78.1,71,9.2
17031300900,2016-08-17 10:00:00,0,1,0.0,78.1,71,9.2
17031301100,2016-08-17 10:00:00,0,0,0.0,78.1,71,9.2
17031301200,2016-08-17 10:00:00,0,0,0.0,78.1,71,9.2
17031301600,2016-08-17 10:00:00,0,0,0.0,78.1,71,9.2
17031301701,2016-08-17 10:00:00,0,0,0.0,78.1,71,9.2
17031301702,2016-08-17 10:00:00,0,0,0.0,78.1,71,9.2
17031301801,2016-08-17 10:00:00,0,0,0.0,78.1,71,9.2
17031301802,2016-08-17 10:00:00,0,0,0.0,78.1,71,9.2
17031301803,2016-08-17 10:00:00,0,0,0.0,78.1,71,9.2
17031310200,2016-08-17 10:00:00,0,0,0.0,78.1,71,9.2
17031310300,2016-08-17 10:00:00,0,0,0.0,78.1,71,9.2
17031310400,2016-08-17 10:00:00,0,0,0.0,78.1,71,9.2
17031310500,2016-08-17 10:00:00,0,0,0.0,78.1,71,9.2
17031310600,2016-08-17 10:00:00,0,0,0.0,78.1,71,9.2
17031310700,2016-08-17 10:00:00,0,0,0.0,78.1,71,9.2
17031310800,2016-08-17 10:00:00,0,0,0.0,78.1,71,9.2
17031310900,2016-08-17 10:00:00,0,0,0.0,78.1,71,9.2
17031320100,2016-08-17 10:00:00,0,18,2.7897708789899998,78.1,71,9.2
17031320400,2016-08-17 10:00:00,1,21,5.02288745185,78.1,71,9.2
17031320600,2016-08-17 10:00:00,0,7,7.548008127989999,78.1,71,9.2
17031330100,2016-08-17 10:00:00,1,29,6.875916173069999,78.1,71,9.2
17031330200,2016-08-17 10:00:00,0,0,0.0,78.1,71,9.2
17031340300,2016-08-17 10:00:00,1,0,0.0,78.1,71,9.2
17031340400,2016-08-17 10:00:00,0,2,6.07254523507,78.1,71,9.2
17031340500,2016-08-17 10:00:00,0,5,12.3962307619,78.1,71,9.2
17031340600,2016-08-17 10:00:00,1,6,28.110632267800003,78.1,71,9.2
17031350100,2016-08-17 10:00:00,0,4,28.4886468837,78.1,71,9.2
17031350400,2016-08-17 10:00:00,0,0,0.0,78.1,71,9.2
17031351000,2016-08-17 10:00:00,0,4,28.4886468837,78.1,71,9.2
17031351100,2016-08-17 10:00:00,0,0,0.0,78.1,71,9.2
17031351400,2016-08-17 10:00:00,0,0,0.0,78.1,71,9.2
17031351500,2016-08-17 10:00:00,0,0,0.0,78.1,71,9.2
17031360200,2016-08-17 10:00:00,0,0,0.0,78.1,71,9.2
17031380100,2016-08-17 10:00:00,0,0,0.0,78.1,71,9.2
17031380200,2016-08-17 10:00:00,0,0,0.0,78.1,71,9.2
17031380500,2016-08-17 10:00:00,0,0,0.0,78.1,71,9.2
17031380700,2016-08-17 10:00:00,0,0,0.0,78.1,71,9.2
17031381200,2016-08-17 10:00:00,0,0,0.0,78.1,71,9.2
17031381400,2016-08-17 10:00:00,0,0,0.0,78.1,71,9.2
17031381500,2016-08-17 10:00:00,0,0,0.0,78.1,71,9.2
17031381700,2016-08-17 10:00:00,0,0,0.0,78.1,71,9.2
17031381800,2016-08-17 10:00:00,0,0,0.0,78.1,71,9.2
17031381900,2016-08-17 10:00:00,0,0,0.0,78.1,71,9.2
17031390100,2016-08-17 10:00:00,0,0,0.0,78.1,71,9.2
17031390200,2016-08-17 10:00:00,0,0,0.0,78.1,71,9.2
17031390300,2016-08-17 10:00:00,0,0,0.0,78.1,71,9.2
17031390400,2016-08-17 10:00:00,0,0,0.0,78.1,71,9.2
17031390500,2016-08-17 10:00:00,0,0,0.0,78.1,71,9.2
17031390600,2016-08-17 10:00:00,0,0,0.0,78.1,71,9.2
17031390700,2016-08-17 10:00:00,0,0,0.0,78.1,71,9.2
17031400300,2016-08-17 10:00:00,0,0,0.0,78.1,71,9.2
17031400400,2016-08-17 10:00:00,0,0,0.0,78.1,71,9.2
17031400500,2016-08-17 10:00:00,0,0,0.0,78.1,71,9.2
17031400800,2016-08-17 10:00:00,0,0,0.0,78.1,71,9.2
17031410100,2016-08-17 10:00:00,0,0,0.0,78.1,71,9.2
17031410200,2016-08-17 10:00:00,0,0,0.0,78.1,71,9.2
17031410500,2016-08-17 10:00:00,0,0,0.0,78.1,71,9.2
17031410600,2016-08-17 10:00:00,0,0,0.0,78.1,71,9.2
17031410700,2016-08-17 10:00:00,0,0,0.0,78.1,71,9.2
17031410800,2016-08-17 10:00:00,0,0,0.0,78.1,71,9.2
17031410900,2016-08-17 10:00:00,0,0,0.0,78.1,71,9.2
17031411000,2016-08-17 10:00:00,0,20,15.8279564885,78.1,71,9.2
17031411100,2016-08-17 10:00:00,0,0,0.0,78.1,71,9.2
17031411200,2016-08-17 10:00:00,0,0,0.0,78.1,71,9.2
17031420100,2016-08-17 10:00:00,0,5,12.548254180199999,78.1,71,9.2
17031420200,2016-08-17 10:00:00,0,0,0.0,78.1,71,9.2
17031420300,2016-08-17 10:00:00,0,2,14.0918150671,78.1,71,9.2
17031420400,2016-08-17 10:00:00,0,0,0.0,78.1,71,9.2
17031420500,2016-08-17 10:00:00,0,0,0.0,78.1,71,9.2
17031420600,2016-08-17 10:00:00,0,0,0.0,78.1,71,9.2
17031420700,2016-08-17 10:00:00,0,0,0.0,78.1,71,9.2
17031420800,2016-08-17 10:00:00,0,0,0.0,78.1,71,9.2
17031421200,2016-08-17 10:00:00,0,0,0.0,78.1,71,9.2
17031430101,2016-08-17 10:00:00,0,0,0.0,78.1,71,9.2
17031430102,2016-08-17 10:00:00,0,0,0.0,78.1,71,9.2
17031430200,2016-08-17 10:00:00,0,0,0.0,78.1,71,9.2
17031430300,2016-08-17 10:00:00,0,0,0.0,78.1,71,9.2
17031430400,2016-08-17 10:00:00,0,0,0.0,78.1,71,9.2
17031430500,2016-08-17 10:00:00,0,0,0.0,78.1,71,9.2
17031430600,2016-08-17 10:00:00,0,0,0.0,78.1,71,9.2
17031430700,2016-08-17 10:00:00,0,0,0.0,78.1,71,9.2
17031430800,2016-08-17 10:00:00,0,0,0.0,78.1,71,9.2
17031430900,2016-08-17 10:00:00,0,0,0.0,78.1,71,9.2
17031431200,2016-08-17 10:00:00,0,0,0.0,78.1,71,9.2
17031431301,2016-08-17 10:00:00,0,0,0.0,78.1,71,9.2
17031431302,2016-08-17 10:00:00,0,0,0.0,78.1,71,9.2
17031431400,2016-08-17 10:00:00,0,0,0.0,78.1,71,9.2
17031440101,2016-08-17 10:00:00,0,0,0.0,78.1,71,9.2
17031440102,2016-08-17 10:00:00,0,0,0.0,78.1,71,9.2
17031440201,2016-08-17 10:00:00,0,0,0.0,78.1,71,9.2
17031440202,2016-08-17 10:00:00,0,0,0.0,78.1,71,9.2
17031440300,2016-08-17 10:00:00,0,0,0.0,78.1,71,9.2
17031440600,2016-08-17 10:00:00,0,0,0.0,78.1,71,9.2
17031440700,2016-08-17 10:00:00,0,0,0.0,78.1,71,9.2
17031440800,2016-08-17 10:00:00,0,0,0.0,78.1,71,9.2
17031440900,2016-08-17 10:00:00,0,0,0.0,78.1,71,9.2
17031450300,2016-08-17 10:00:00,0,0,0.0,78.1,71,9.2
17031460100,2016-08-17 10:00:00,0,0,0.0,78.1,71,9.2
17031460200,2016-08-17 10:00:00,0,0,0.0,78.1,71,9.2
17031460301,2016-08-17 10:00:00,0,0,0.0,78.1,71,9.2
17031460302,2016-08-17 10:00:00,0,0,0.0,78.1,71,9.2
17031460400,2016-08-17 10:00:00,0,0,0.0,78.1,71,9.2
17031460500,2016-08-17 10:00:00,0,0,0.0,78.1,71,9.2
17031460600,2016-08-17 10:00:00,0,0,0.0,78.1,71,9.2
17031460700,2016-08-17 10:00:00,0,0,0.0,78.1,71,9.2
17031461000,2016-08-17 10:00:00,0,0,0.0,78.1,71,9.2
17031470100,2016-08-17 10:00:00,0,0,0.0,78.1,71,9.2
17031480100,2016-08-17 10:00:00,0,3,2.905072877,78.1,71,9.2
17031480200,2016-08-17 10:00:00,0,0,0.0,78.1,71,9.2
17031480300,2016-08-17 10:00:00,0,0,0.0,78.1,71,9.2
17031480400,2016-08-17 10:00:00,0,0,0.0,78.1,71,9.2
17031480500,2016-08-17 10:00:00,1,0,0.0,78.1,71,9.2
17031490300,2016-08-17 10:00:00,0,0,0.0,78.1,71,9.2
17031490400,2016-08-17 10:00:00,0,0,0.0,78.1,71,9.2
17031490500,2016-08-17 10:00:00,0,0,0.0,78.1,71,9.2
17031490600,2016-08-17 10:00:00,0,0,0.0,78.1,71,9.2
17031490700,2016-08-17 10:00:00,0,0,0.0,78.1,71,9.2
17031490800,2016-08-17 10:00:00,0,0,0.0,78.1,71,9.2
17031490901,2016-08-17 10:00:00,0,0,0.0,78.1,71,9.2
17031490902,2016-08-17 10:00:00,0,0,0.0,78.1,71,9.2
17031491000,2016-08-17 10:00:00,0,0,0.0,78.1,71,9.2
17031491100,2016-08-17 10:00:00,0,0,0.0,78.1,71,9.2
17031491200,2016-08-17 10:00:00,0,3,0.0,78.1,71,9.2
17031491300,2016-08-17 10:00:00,0,0,0.0,78.1,71,9.2
17031491400,2016-08-17 10:00:00,0,0,0.0,78.1,71,9.2
17031500100,2016-08-17 10:00:00,1,0,0.0,78.1,71,9.2
17031500200,2016-08-17 10:00:00,0,0,0.0,78.1,71,9.2
17031500300,2016-08-17 10:00:00,0,0,0.0,78.1,71,9.2
17031510100,2016-08-17 10:00:00,0,0,0.0,78.1,71,9.2
17031510200,2016-08-17 10:00:00,0,0,0.0,78.1,71,9.2
17031510300,2016-08-17 10:00:00,1,0,0.0,78.1,71,9.2
17031520100,2016-08-17 10:00:00,0,0,0.0,78.1,71,9.2
17031520200,2016-08-17 10:00:00,0,0,0.0,78.1,71,9.2
17031520300,2016-08-17 10:00:00,0,0,0.0,78.1,71,9.2
17031520400,2016-08-17 10:00:00,0,0,0.0,78.1,71,9.2
17031520500,2016-08-17 10:00:00,0,0,0.0,78.1,71,9.2
17031520600,2016-08-17 10:00:00,0,0,0.0,78.1,71,9.2
17031530100,2016-08-17 10:00:00,0,0,0.0,78.1,71,9.2
17031530200,2016-08-17 10:00:00,0,0,0.0,78.1,71,9.2
17031530300,2016-08-17 10:00:00,0,0,0.0,78.1,71,9.2
17031530400,2016-08-17 10:00:00,0,0,0.0,78.1,71,9.2
17031530501,2016-08-17 10:00:00,0,0,0.0,78.1,71,9.2
17031530502,2016-08-17 10:00:00,0,0,0.0,78.1,71,9.2
17031530503,2016-08-17 10:00:00,0,0,0.0,78.1,71,9.2
17031530600,2016-08-17 10:00:00,0,0,0.0,78.1,71,9.2
17031540101,2016-08-17 10:00:00,0,0,0.0,78.1,71,9.2
17031540102,2016-08-17 10:00:00,0,3,34.853649871100004,78.1,71,9.2
17031550100,2016-08-17 10:00:00,0,0,0.0,78.1,71,9.2
17031550200,2016-08-17 10:00:00,0,0,0.0,78.1,71,9.2
17031560100,2016-08-17 10:00:00,1,10,18.8587757545,78.1,71,9.2
17031560200,2016-08-17 10:00:00,0,0,0.0,78.1,71,9.2
17031560300,2016-08-17 10:00:00,0,0,0.0,78.1,71,9.2
17031560400,2016-08-17 10:00:00,0,0,0.0,78.1,71,9.2
17031560700,2016-08-17 10:00:00,0,0,0.0,78.1,71,9.2
17031560800,2016-08-17 10:00:00,0,0,0.0,78.1,71,9.2
17031560900,2016-08-17 10:00:00,0,0,0.0,78.1,71,9.2
17031561000,2016-08-17 10:00:00,0,0,0.0,78.1,71,9.2
17031561100,2016-08-17 10:00:00,0,0,0.0,78.1,71,9.2
17031570100,2016-08-17 10:00:00,0,0,0.0,78.1,71,9.2
17031570200,2016-08-17 10:00:00,0,1,25.036847291399997,78.1,71,9.2
17031570300,2016-08-17 10:00:00,0,0,0.0,78.1,71,9.2
17031570400,2016-08-17 10:00:00,0,0,0.0,78.1,71,9.2
17031570500,2016-08-17 10:00:00,0,0,0.0,78.1,71,9.2
17031580100,2016-08-17 10:00:00,0,11,24.2396359873,78.1,71,9.2
17031580200,2016-08-17 10:00:00,0,0,0.0,78.1,71,9.2
17031580300,2016-08-17 10:00:00,0,0,0.0,78.1,71,9.2
17031580400,2016-08-17 10:00:00,0,0,0.0,78.1,71,9.2
17031580501,2016-08-17 10:00:00,0,0,0.0,78.1,71,9.2
17031580502,2016-08-17 10:00:00,0,0,0.0,78.1,71,9.2
17031580600,2016-08-17 10:00:00,0,0,0.0,78.1,71,9.2
17031580700,2016-08-17 10:00:00,0,0,0.0,78.1,71,9.2
17031580800,2016-08-17 10:00:00,0,0,0.0,78.1,71,9.2
17031590500,2016-08-17 10:00:00,0,0,0.0,78.1,71,9.2
17031590600,2016-08-17 10:00:00,0,0,0.0,78.1,71,9.2
17031590700,2016-08-17 10:00:00,0,0,0.0,78.1,71,9.2
17031600400,2016-08-17 10:00:00,0,0,0.0,78.1,71,9.2
17031600600,2016-08-17 10:00:00,0,4,7.34340103349,78.1,71,9.2
17031600700,2016-08-17 10:00:00,0,0,0.0,78.1,71,9.2
17031600900,2016-08-17 10:00:00,0,0,0.0,78.1,71,9.2
17031610300,2016-08-17 10:00:00,0,0,0.0,78.1,71,9.2
17031610400,2016-08-17 10:00:00,0,0,0.0,78.1,71,9.2
17031610800,2016-08-17 10:00:00,0,0,0.0,78.1,71,9.2
17031611000,2016-08-17 10:00:00,0,0,0.0,78.1,71,9.2
17031611100,2016-08-17 10:00:00,0,0,0.0,78.1,71,9.2
17031611200,2016-08-17 10:00:00,0,0,0.0,78.1,71,9.2
17031611300,2016-08-17 10:00:00,0,0,0.0,78.1,71,9.2
17031611400,2016-08-17 10:00:00,0,0,0.0,78.1,71,9.2
17031611500,2016-08-17 10:00:00,0,0,0.0,78.1,71,9.2
17031611600,2016-08-17 10:00:00,0,0,0.0,78.1,71,9.2
17031611700,2016-08-17 10:00:00,0,0,0.0,78.1,71,9.2
17031611800,2016-08-17 10:00:00,0,0,0.0,78.1,71,9.2
17031611900,2016-08-17 10:00:00,0,0,0.0,78.1,71,9.2
17031612000,2016-08-17 10:00:00,0,0,0.0,78.1,71,9.2
17031612100,2016-08-17 10:00:00,0,0,0.0,78.1,71,9.2
17031620100,2016-08-17 10:00:00,0,0,0.0,78.1,71,9.2
17031620200,2016-08-17 10:00:00,0,0,0.0,78.1,71,9.2
17031620300,2016-08-17 10:00:00,0,0,0.0,78.1,71,9.2
17031620400,2016-08-17 10:00:00,0,0,0.0,78.1,71,9.2
17031630100,2016-08-17 10:00:00,0,0,0.0,78.1,71,9.2
17031630200,2016-08-17 10:00:00,0,0,0.0,78.1,71,9.2
17031630300,2016-08-17 10:00:00,0,0,0.0,78.1,71,9.2
17031630400,2016-08-17 10:00:00,0,0,0.0,78.1,71,9.2
17031630500,2016-08-17 10:00:00,0,0,0.0,78.1,71,9.2
17031630800,2016-08-17 10:00:00,0,0,0.0,78.1,71,9.2
17031630900,2016-08-17 10:00:00,0,0,0.0,78.1,71,9.2
17031640100,2016-08-17 10:00:00,0,0,0.0,78.1,71,9.2
17031640300,2016-08-17 10:00:00,0,0,0.0,78.1,71,9.2
17031640400,2016-08-17 10:00:00,0,0,0.0,78.1,71,9.2
17031640500,2016-08-17 10:00:00,0,0,0.0,78.1,71,9.2
17031640600,2016-08-17 10:00:00,0,0,0.0,78.1,71,9.2
17031640700,2016-08-17 10:00:00,0,0,0.0,78.1,71,9.2
17031640800,2016-08-17 10:00:00,0,0,0.0,78.1,71,9.2
17031650100,2016-08-17 10:00:00,0,0,0.0,78.1,71,9.2
17031650200,2016-08-17 10:00:00,0,3,8.29313119006,78.1,71,9.2
17031650301,2016-08-17 10:00:00,1,3,8.29313119006,78.1,71,9.2
17031650302,2016-08-17 10:00:00,1,0,0.0,78.1,71,9.2
17031650400,2016-08-17 10:00:00,0,0,0.0,78.1,71,9.2
17031650500,2016-08-17 10:00:00,0,7,6.44855301026,78.1,71,9.2
17031660301,2016-08-17 10:00:00,0,0,0.0,78.1,71,9.2
17031660302,2016-08-17 10:00:00,0,7,8.14973318383,78.1,71,9.2
17031660400,2016-08-17 10:00:00,0,0,0.0,78.1,71,9.2
17031660500,2016-08-17 10:00:00,0,0,0.0,78.1,71,9.2
17031660600,2016-08-17 10:00:00,0,0,0.0,78.1,71,9.2
17031660700,2016-08-17 10:00:00,0,0,0.0,78.1,71,9.2
17031660800,2016-08-17 10:00:00,0,0,0.0,78.1,71,9.2
17031660900,2016-08-17 10:00:00,0,0,0.0,78.1,71,9.2
17031661000,2016-08-17 10:00:00,0,0,0.0,78.1,71,9.2
17031661100,2016-08-17 10:00:00,0,0,0.0,78.1,71,9.2
17031670100,2016-08-17 10:00:00,0,0,0.0,78.1,71,9.2
17031670200,2016-08-17 10:00:00,0,0,0.0,78.1,71,9.2
17031670300,2016-08-17 10:00:00,0,0,0.0,78.1,71,9.2
17031670400,2016-08-17 10:00:00,0,0,0.0,78.1,71,9.2
17031670500,2016-08-17 10:00:00,0,0,0.0,78.1,71,9.2
17031670600,2016-08-17 10:00:00,0,0,0.0,78.1,71,9.2
17031670700,2016-08-17 10:00:00,0,0,0.0,78.1,71,9.2
17031670800,2016-08-17 10:00:00,0,0,0.0,78.1,71,9.2
17031670900,2016-08-17 10:00:00,0,0,0.0,78.1,71,9.2
17031671100,2016-08-17 10:00:00,0,0,0.0,78.1,71,9.2
17031671200,2016-08-17 10:00:00,0,0,0.0,78.1,71,9.2
17031671300,2016-08-17 10:00:00,0,0,0.0,78.1,71,9.2
17031671400,2016-08-17 10:00:00,0,0,0.0,78.1,71,9.2
17031671500,2016-08-17 10:00:00,0,0,0.0,78.1,71,9.2
17031671600,2016-08-17 10:00:00,0,0,0.0,78.1,71,9.2
17031671800,2016-08-17 10:00:00,0,0,0.0,78.1,71,9.2
17031671900,2016-08-17 10:00:00,0,0,0.0,78.1,71,9.2
17031672000,2016-08-17 10:00:00,1,0,0.0,78.1,71,9.2
17031680500,2016-08-17 10:00:00,0,0,0.0,78.1,71,9.2
17031680600,2016-08-17 10:00:00,0,0,0.0,78.1,71,9.2
17031680900,2016-08-17 10:00:00,0,0,0.0,78.1,71,9.2
17031681000,2016-08-17 10:00:00,0,0,0.0,78.1,71,9.2
17031681100,2016-08-17 10:00:00,0,0,0.0,78.1,71,9.2
17031681200,2016-08-17 10:00:00,0,0,0.0,78.1,71,9.2
17031681300,2016-08-17 10:00:00,0,0,0.0,78.1,71,9.2
17031681400,2016-08-17 10:00:00,0,0,0.0,78.1,71,9.2
17031690300,2016-08-17 10:00:00,0,0,0.0,78.1,71,9.2
17031690400,2016-08-17 10:00:00,0,0,0.0,78.1,71,9.2
17031690500,2016-08-17 10:00:00,0,0,0.0,78.1,71,9.2
17031690900,2016-08-17 10:00:00,0,0,0.0,78.1,71,9.2
17031691000,2016-08-17 10:00:00,0,0,0.0,78.1,71,9.2
17031691100,2016-08-17 10:00:00,0,5,27.9635177862,78.1,71,9.2
17031691200,2016-08-17 10:00:00,0,0,0.0,78.1,71,9.2
17031691300,2016-08-17 10:00:00,0,0,0.0,78.1,71,9.2
17031691400,2016-08-17 10:00:00,0,0,0.0,78.1,71,9.2
17031691500,2016-08-17 10:00:00,0,0,0.0,78.1,71,9.2
17031700100,2016-08-17 10:00:00,0,0,0.0,78.1,71,9.2
17031700200,2016-08-17 10:00:00,0,0,0.0,78.1,71,9.2
17031700301,2016-08-17 10:00:00,0,0,0.0,78.1,71,9.2
17031700302,2016-08-17 10:00:00,0,0,0.0,78.1,71,9.2
17031700401,2016-08-17 10:00:00,0,0,0.0,78.1,71,9.2
17031700402,2016-08-17 10:00:00,1,9,0.581203631587,78.1,71,9.2
17031700501,2016-08-17 10:00:00,0,0,0.0,78.1,71,9.2
17031700502,2016-08-17 10:00:00,0,0,0.0,78.1,71,9.2
17031710100,2016-08-17 10:00:00,0,0,0.0,78.1,71,9.2
17031710200,2016-08-17 10:00:00,0,0,0.0,78.1,71,9.2
17031710300,2016-08-17 10:00:00,0,0,0.0,78.1,71,9.2
17031710400,2016-08-17 10:00:00,0,0,0.0,78.1,71,9.2
17031710500,2016-08-17 10:00:00,0,0,0.0,78.1,71,9.2
17031710600,2016-08-17 10:00:00,0,0,0.0,78.1,71,9.2
17031710700,2016-08-17 10:00:00,0,0,0.0,78.1,71,9.2
17031710800,2016-08-17 10:00:00,0,4,8.01640367367,78.1,71,9.2
17031710900,2016-08-17 10:00:00,0,0,0.0,78.1,71,9.2
17031711000,2016-08-17 10:00:00,0,0,0.0,78.1,71,9.2
17031711100,2016-08-17 10:00:00,0,0,0.0,78.1,71,9.2
17031711200,2016-08-17 10:00:00,0,0,0.0,78.1,71,9.2
17031711300,2016-08-17 10:00:00,0,0,0.0,78.1,71,9.2
17031711400,2016-08-17 10:00:00,0,0,0.0,78.1,71,9.2
17031711500,2016-08-17 10:00:00,0,0,0.0,78.1,71,9.2
17031720100,2016-08-17 10:00:00,0,0,0.0,78.1,71,9.2
17031720200,2016-08-17 10:00:00,0,0,0.0,78.1,71,9.2
17031720300,2016-08-17 10:00:00,0,0,0.0,78.1,71,9.2
17031720400,2016-08-17 10:00:00,0,7,9.75089523899,78.1,71,9.2
17031720500,2016-08-17 10:00:00,0,0,0.0,78.1,71,9.2
17031720600,2016-08-17 10:00:00,0,0,0.0,78.1,71,9.2
17031720700,2016-08-17 10:00:00,0,0,0.0,78.1,71,9.2
17031730100,2016-08-17 10:00:00,0,0,0.0,78.1,71,9.2
17031730201,2016-08-17 10:00:00,0,0,0.0,78.1,71,9.2
17031730202,2016-08-17 10:00:00,0,0,0.0,78.1,71,9.2
17031730300,2016-08-17 10:00:00,0,0,0.0,78.1,71,9.2
17031730400,2016-08-17 10:00:00,0,0,0.0,78.1,71,9.2
17031730500,2016-08-17 10:00:00,0,0,0.0,78.1,71,9.2
17031730600,2016-08-17 10:00:00,0,0,0.0,78.1,71,9.2
17031730700,2016-08-17 10:00:00,0,0,0.0,78.1,71,9.2
17031740100,2016-08-17 10:00:00,0,0,0.0,78.1,71,9.2
17031740200,2016-08-17 10:00:00,0,0,0.0,78.1,71,9.2
17031740300,2016-08-17 10:00:00,0,0,0.0,78.1,71,9.2
17031740400,2016-08-17 10:00:00,0,0,0.0,78.1,71,9.2
17031750100,2016-08-17 10:00:00,0,0,0.0,78.1,71,9.2
17031750200,2016-08-17 10:00:00,0,0,0.0,78.1,71,9.2
17031750300,2016-08-17 10:00:00,0,0,0.0,78.1,71,9.2
17031750400,2016-08-17 10:00:00,0,0,0.0,78.1,71,9.2
17031750500,2016-08-17 10:00:00,0,5,13.077341486400002,78.1,71,9.2
17031750600,2016-08-17 10:00:00,0,0,0.0,78.1,71,9.2
17031760801,2016-08-17 10:00:00,1,4,17.1715468648,78.1,71,9.2
17031760802,2016-08-17 10:00:00,0,21,7.335654935830001,78.1,71,9.2
17031760803,2016-08-17 10:00:00,0,0,0.0,78.1,71,9.2
17031830500,2016-08-17 10:00:00,0,1,25.036847291399997,78.1,71,9.2
17031830600,2016-08-17 10:00:00,0,0,0.0,78.1,71,9.2
17031830700,2016-08-17 10:00:00,0,6,0.054461056864999996,78.1,71,9.2
17031830800,2016-08-17 10:00:00,0,0,0.0,78.1,71,9.2
17031830900,2016-08-17 10:00:00,1,26,10.869151623099999,78.1,71,9.2
17031831000,2016-08-17 10:00:00,0,0,0.0,78.1,71,9.2
17031831100,2016-08-17 10:00:00,1,10,5.8735510326,78.1,71,9.2
17031831200,2016-08-17 10:00:00,0,0,0.0,78.1,71,9.2
17031831300,2016-08-17 10:00:00,1,0,0.0,78.1,71,9.2
17031831400,2016-08-17 10:00:00,1,6,31.4122062259,78.1,71,9.2
17031831500,2016-08-17 10:00:00,0,0,0.0,78.1,71,9.2
17031831600,2016-08-17 10:00:00,0,1,0.0,78.1,71,9.2
17031831700,2016-08-17 10:00:00,0,0,0.0,78.1,71,9.2
17031831800,2016-08-17 10:00:00,1,6,14.247364924600001,78.1,71,9.2
17031831900,2016-08-17 10:00:00,0,0,0.0,78.1,71,9.2
17031832000,2016-08-17 10:00:00,0,0,0.0,78.1,71,9.2
17031832100,2016-08-17 10:00:00,0,0,0.0,78.1,71,9.2
17031832200,2016-08-17 10:00:00,0,19,8.26566861489,78.1,71,9.2
17031832300,2016-08-17 10:00:00,0,40,13.433240521099998,78.1,71,9.2
17031832400,2016-08-17 10:00:00,0,0,0.0,78.1,71,9.2
17031832500,2016-08-17 10:00:00,0,32,13.4246657301,78.1,71,9.2
17031832600,2016-08-17 10:00:00,0,11,5.0130577474599995,78.1,71,9.2
17031832900,2016-08-17 10:00:00,0,6,26.2112550381,78.1,71,9.2
17031833000,2016-08-17 10:00:00,0,14,10.1572655663,78.1,71,9.2
17031833100,2016-08-17 10:00:00,0,15,9.1877957457,78.1,71,9.2
17031833300,2016-08-17 10:00:00,1,7,11.2426571214,78.1,71,9.2
17031833900,2016-08-17 10:00:00,1,0,0.0,78.1,71,9.2
17031834000,2016-08-17 10:00:00,1,0,0.0,78.1,71,9.2
17031834200,2016-08-17 10:00:00,2,0,0.0,78.1,71,9.2
17031834300,2016-08-17 10:00:00,2,0,0.0,78.1,71,9.2
17031834400,2016-08-17 10:00:00,0,0,0.0,78.1,71,9.2
17031834500,2016-08-17 10:00:00,0,0,0.0,78.1,71,9.2
17031834600,2016-08-17 10:00:00,0,4,28.494388118699998,78.1,71,9.2
17031834700,2016-08-17 10:00:00,0,0,0.0,78.1,71,9.2
17031834800,2016-08-17 10:00:00,0,0,0.0,78.1,71,9.2
17031834900,2016-08-17 10:00:00,0,0,0.0,78.1,71,9.2
17031835000,2016-08-17 10:00:00,0,0,0.0,78.1,71,9.2
17031835100,2016-08-17 10:00:00,0,0,0.0,78.1,71,9.2
17031835200,2016-08-17 10:00:00,0,7,14.3595586545,78.1,71,9.2
17031835500,2016-08-17 10:00:00,0,10,30.2560047924,78.1,71,9.2
17031835600,2016-08-17 10:00:00,0,5,23.0438557206,78.1,71,9.2
17031835700,2016-08-17 10:00:00,0,0,0.0,78.1,71,9.2
17031835800,2016-08-17 10:00:00,0,0,0.0,78.1,71,9.2
17031835900,2016-08-17 10:00:00,0,0,0.0,78.1,71,9.2
17031836000,2016-08-17 10:00:00,0,0,0.0,78.1,71,9.2
17031836100,2016-08-17 10:00:00,0,0,0.0,78.1,71,9.2
17031836200,2016-08-17 10:00:00,0,2,14.0918150671,78.1,71,9.2
17031836300,2016-08-17 10:00:00,0,0,0.0,78.1,71,9.2
17031836400,2016-08-17 10:00:00,0,0,0.0,78.1,71,9.2
17031836500,2016-08-17 10:00:00,0,3,0.0,78.1,71,9.2
17031836600,2016-08-17 10:00:00,0,4,7.73865635462,78.1,71,9.2
17031836700,2016-08-17 10:00:00,0,0,0.0,78.1,71,9.2
17031836800,2016-08-17 10:00:00,0,0,0.0,78.1,71,9.2
17031836900,2016-08-17 10:00:00,0,0,0.0,78.1,71,9.2
17031837000,2016-08-17 10:00:00,0,0,0.0,78.1,71,9.2
17031837100,2016-08-17 10:00:00,0,4,13.728252253199999,78.1,71,9.2
17031837300,2016-08-17 10:00:00,0,0,0.0,78.1,71,9.2
17031837400,2016-08-17 10:00:00,0,0,0.0,78.1,71,9.2
17031837800,2016-08-17 10:00:00,0,0,0.0,78.1,71,9.2
17031838000,2016-08-17 10:00:00,0,16,11.932417971600001,78.1,71,9.2
17031838100,2016-08-17 10:00:00,0,19,21.7981864896,78.1,71,9.2
17031838200,2016-08-17 10:00:00,0,0,0.0,78.1,71,9.2
17031838300,2016-08-17 10:00:00,0,0,0.0,78.1,71,9.2
17031838600,2016-08-17 10:00:00,0,6,5.55601868647,78.1,71,9.2
17031838700,2016-08-17 10:00:00,0,0,0.0,78.1,71,9.2
17031838800,2016-08-17 10:00:00,0,3,34.853649871100004,78.1,71,9.2
17031839000,2016-08-17 10:00:00,0,5,2.13773143473,78.1,71,9.2
17031839100,2016-08-17 10:00:00,0,32,4.3285015393599995,78.1,71,9.2
17031839200,2016-08-17 10:00:00,0,0,0.0,78.1,71,9.2
17031839500,2016-08-17 10:00:00,0,0,0.0,78.1,71,9.2
17031839600,2016-08-17 10:00:00,0,0,0.0,78.1,71,9.2
17031839700,2016-08-17 10:00:00,0,0,0.0,78.1,71,9.2
17031839800,2016-08-17 10:00:00,0,0,0.0,78.1,71,9.2
17031839900,2016-08-17 10:00:00,0,4,4.3221786274400005,78.1,71,9.2
17031840000,2016-08-17 10:00:00,0,0,0.0,78.1,71,9.2
17031840100,2016-08-17 10:00:00,0,0,0.0,78.1,71,9.2
17031840200,2016-08-17 10:00:00,0,7,9.50835895761,78.1,71,9.2
17031840300,2016-08-17 10:00:00,0,0,0.0,78.1,71,9.2
17031840400,2016-08-17 10:00:00,1,0,0.0,78.1,71,9.2
17031840700,2016-08-17 10:00:00,0,0,0.0,78.1,71,9.2
17031840800,2016-08-17 10:00:00,0,0,0.0,78.1,71,9.2
17031841000,2016-08-17 10:00:00,0,20,7.63657580213,78.1,71,9.2
17031841100,2016-08-17 10:00:00,1,17,11.173067528499999,78.1,71,9.2
17031841200,2016-08-17 10:00:00,0,0,0.0,78.1,71,9.2
17031841300,2016-08-17 10:00:00,0,0,0.0,78.1,71,9.2
17031841400,2016-08-17 10:00:00,0,0,0.0,78.1,71,9.2
17031841500,2016-08-17 10:00:00,0,0,0.0,78.1,71,9.2
17031841600,2016-08-17 10:00:00,0,0,0.0,78.1,71,9.2
17031841700,2016-08-17 10:00:00,0,0,0.0,78.1,71,9.2
17031841800,2016-08-17 10:00:00,0,4,15.8549694422,78.1,71,9.2
17031841900,2016-08-17 10:00:00,1,29,4.0982674676699995,78.1,71,9.2
17031842000,2016-08-17 10:00:00,0,2,14.026050916300001,78.1,71,9.2
17031842100,2016-08-17 10:00:00,0,0,0.0,78.1,71,9.2
17031842200,2016-08-17 10:00:00,0,13,4.2304005697000004,78.1,71,9.2
17031842300,2016-08-17 10:00:00,8,104,9.742610929,78.1,71,9.2
17031842400,2016-08-17 10:00:00,0,0,0.0,78.1,71,9.2
17031842500,2016-08-17 10:00:00,0,0,0.0,78.1,71,9.2
17031842600,2016-08-17 10:00:00,0,0,0.0,78.1,71,9.2
17031842800,2016-08-17 10:00:00,0,0,0.0,78.1,71,9.2
17031842900,2016-08-17 10:00:00,0,0,0.0,78.1,71,9.2
17031843000,2016-08-17 10:00:00,0,3,12.7400426422,78.1,71,9.2
17031843100,2016-08-17 10:00:00,0,0,0.0,78.1,71,9.2
17031843200,2016-08-17 10:00:00,2,22,11.547226755899999,78.1,71,9.2
17031843300,2016-08-17 10:00:00,0,0,0.0,78.1,71,9.2
17031843400,2016-08-17 10:00:00,0,0,0.0,78.1,71,9.2
17031843500,2016-08-17 10:00:00,0,11,24.2396359873,78.1,71,9.2
17031843600,2016-08-17 10:00:00,0,0,0.0,78.1,71,9.2
17031843700,2016-08-17 10:00:00,2,21,10.1715143677,78.1,71,9.2
17031843800,2016-08-17 10:00:00,0,0,0.0,78.1,71,9.2
17031843900,2016-08-17 10:00:00,0,5,12.548254180199999,78.1,71,9.2
17031980000,2016-08-17 10:00:00,4,19,14.9175104477,78.1,71,9.2
17031980100,2016-08-17 10:00:00,0,0,0.0,78.1,71,9.2
17043840000,2016-08-17 10:00:00,2,0,0.0,78.1,71,9.2
