ct,time,alert_count,user_count1,user_avg_speed1,tempeature(K),humidity,wind speed
17031010100,2016-09-02 16:00:00,0,2,13.2523305397,73.9,52,11.5
17031010201,2016-09-02 16:00:00,0,1,6.321101506930001,73.9,52,11.5
17031010202,2016-09-02 16:00:00,0,0,0.0,73.9,52,11.5
17031010300,2016-09-02 16:00:00,0,0,0.0,73.9,52,11.5
17031010400,2016-09-02 16:00:00,0,1,26.6865428083,73.9,52,11.5
17031010501,2016-09-02 16:00:00,0,0,0.0,73.9,52,11.5
17031010502,2016-09-02 16:00:00,0,0,0.0,73.9,52,11.5
17031010503,2016-09-02 16:00:00,0,1,26.6865428083,73.9,52,11.5
17031010600,2016-09-02 16:00:00,0,0,0.0,73.9,52,11.5
17031010701,2016-09-02 16:00:00,1,3,9.6641709151,73.9,52,11.5
17031010702,2016-09-02 16:00:00,0,0,0.0,73.9,52,11.5
17031020100,2016-09-02 16:00:00,1,1,6.321101506930001,73.9,52,11.5
17031020200,2016-09-02 16:00:00,2,2,8.70873453894,73.9,52,11.5
17031020301,2016-09-02 16:00:00,0,0,0.0,73.9,52,11.5
17031020302,2016-09-02 16:00:00,1,0,0.0,73.9,52,11.5
17031020400,2016-09-02 16:00:00,1,4,2.7375639684900004,73.9,52,11.5
17031020500,2016-09-02 16:00:00,0,4,0.43510399639499997,73.9,52,11.5
17031020601,2016-09-02 16:00:00,0,0,0.0,73.9,52,11.5
17031020602,2016-09-02 16:00:00,0,0,0.0,73.9,52,11.5
17031020701,2016-09-02 16:00:00,2,1,5.72161415847,73.9,52,11.5
17031020702,2016-09-02 16:00:00,1,1,3.43702773417,73.9,52,11.5
17031020801,2016-09-02 16:00:00,3,0,0.0,73.9,52,11.5
17031020802,2016-09-02 16:00:00,2,4,2.9776056581800003,73.9,52,11.5
17031020901,2016-09-02 16:00:00,0,0,0.0,73.9,52,11.5
17031020902,2016-09-02 16:00:00,0,0,0.0,73.9,52,11.5
17031030101,2016-09-02 16:00:00,0,0,0.0,73.9,52,11.5
17031030102,2016-09-02 16:00:00,0,0,0.0,73.9,52,11.5
17031030103,2016-09-02 16:00:00,0,0,0.0,73.9,52,11.5
17031030104,2016-09-02 16:00:00,1,1,0.0,73.9,52,11.5
17031030200,2016-09-02 16:00:00,0,11,5.797403915009999,73.9,52,11.5
17031030300,2016-09-02 16:00:00,0,0,0.0,73.9,52,11.5
17031030400,2016-09-02 16:00:00,1,9,6.41826045408,73.9,52,11.5
17031030500,2016-09-02 16:00:00,4,0,0.0,73.9,52,11.5
17031030601,2016-09-02 16:00:00,0,1,7.0029433049300005,73.9,52,11.5
17031030603,2016-09-02 16:00:00,6,6,2.7690292471599998,73.9,52,11.5
17031030604,2016-09-02 16:00:00,2,2,3.50147165246,73.9,52,11.5
17031030701,2016-09-02 16:00:00,1,0,0.0,73.9,52,11.5
17031030702,2016-09-02 16:00:00,0,0,0.0,73.9,52,11.5
17031030703,2016-09-02 16:00:00,0,10,1.0371478415100002,73.9,52,11.5
17031030706,2016-09-02 16:00:00,4,7,3.2566490756200004,73.9,52,11.5
17031030800,2016-09-02 16:00:00,0,3,0.745933670501,73.9,52,11.5
17031030900,2016-09-02 16:00:00,0,0,0.0,73.9,52,11.5
17031031000,2016-09-02 16:00:00,0,0,0.0,73.9,52,11.5
17031031100,2016-09-02 16:00:00,0,6,0.155753290981,73.9,52,11.5
17031031200,2016-09-02 16:00:00,0,0,0.0,73.9,52,11.5
17031031300,2016-09-02 16:00:00,0,3,5.14555894964,73.9,52,11.5
17031031400,2016-09-02 16:00:00,6,12,22.3433614175,73.9,52,11.5
17031031501,2016-09-02 16:00:00,0,1,0.132948882151,73.9,52,11.5
17031031502,2016-09-02 16:00:00,0,0,0.0,73.9,52,11.5
17031031700,2016-09-02 16:00:00,0,0,0.0,73.9,52,11.5
17031031800,2016-09-02 16:00:00,0,0,0.0,73.9,52,11.5
17031031900,2016-09-02 16:00:00,0,0,0.0,73.9,52,11.5
17031032100,2016-09-02 16:00:00,1,0,0.0,73.9,52,11.5
17031040100,2016-09-02 16:00:00,0,3,1.04522143375,73.9,52,11.5
17031040201,2016-09-02 16:00:00,3,0,0.0,73.9,52,11.5
17031040202,2016-09-02 16:00:00,1,1,0.0,73.9,52,11.5
17031040300,2016-09-02 16:00:00,2,8,15.9419820253,73.9,52,11.5
17031040401,2016-09-02 16:00:00,1,0,0.0,73.9,52,11.5
17031040402,2016-09-02 16:00:00,0,0,0.0,73.9,52,11.5
17031040600,2016-09-02 16:00:00,1,1,0.363445129391,73.9,52,11.5
17031040700,2016-09-02 16:00:00,0,4,8.665252667739999,73.9,52,11.5
17031040800,2016-09-02 16:00:00,0,0,0.0,73.9,52,11.5
17031040900,2016-09-02 16:00:00,0,0,0.0,73.9,52,11.5
17031050100,2016-09-02 16:00:00,0,0,0.0,73.9,52,11.5
17031050200,2016-09-02 16:00:00,0,0,0.0,73.9,52,11.5
17031050300,2016-09-02 16:00:00,3,2,0.0,73.9,52,11.5
17031050500,2016-09-02 16:00:00,0,2,11.991053196,73.9,52,11.5
17031050600,2016-09-02 16:00:00,0,4,4.80329525258,73.9,52,11.5
17031050700,2016-09-02 16:00:00,0,0,0.0,73.9,52,11.5
17031050800,2016-09-02 16:00:00,0,0,0.0,73.9,52,11.5
17031050900,2016-09-02 16:00:00,2,0,0.0,73.9,52,11.5
17031051000,2016-09-02 16:00:00,0,0,0.0,73.9,52,11.5
17031051100,2016-09-02 16:00:00,0,0,0.0,73.9,52,11.5
17031051200,2016-09-02 16:00:00,0,0,0.0,73.9,52,11.5
17031051300,2016-09-02 16:00:00,0,0,0.0,73.9,52,11.5
17031051400,2016-09-02 16:00:00,0,0,0.0,73.9,52,11.5
17031060100,2016-09-02 16:00:00,0,3,0.0,73.9,52,11.5
17031060200,2016-09-02 16:00:00,1,0,0.0,73.9,52,11.5
17031060300,2016-09-02 16:00:00,2,1,6.989028381860001,73.9,52,11.5
17031060400,2016-09-02 16:00:00,3,2,10.5454426301,73.9,52,11.5
17031060500,2016-09-02 16:00:00,2,0,0.0,73.9,52,11.5
17031060800,2016-09-02 16:00:00,5,1,3.93061786002,73.9,52,11.5
17031060900,2016-09-02 16:00:00,8,4,10.9786206427,73.9,52,11.5
17031061000,2016-09-02 16:00:00,3,0,0.0,73.9,52,11.5
17031061100,2016-09-02 16:00:00,2,0,0.0,73.9,52,11.5
17031061200,2016-09-02 16:00:00,2,0,0.0,73.9,52,11.5
17031061500,2016-09-02 16:00:00,0,0,0.0,73.9,52,11.5
17031061800,2016-09-02 16:00:00,0,0,0.0,73.9,52,11.5
17031061901,2016-09-02 16:00:00,3,2,24.3453705554,73.9,52,11.5
17031061902,2016-09-02 16:00:00,1,8,12.5908375823,73.9,52,11.5
17031062000,2016-09-02 16:00:00,3,0,0.0,73.9,52,11.5
17031062100,2016-09-02 16:00:00,0,3,1.7475775714300001,73.9,52,11.5
17031062200,2016-09-02 16:00:00,0,0,0.0,73.9,52,11.5
17031062300,2016-09-02 16:00:00,0,3,4.241978382759999,73.9,52,11.5
17031062400,2016-09-02 16:00:00,0,0,0.0,73.9,52,11.5
17031062500,2016-09-02 16:00:00,0,2,6.73907033393,73.9,52,11.5
17031062600,2016-09-02 16:00:00,0,10,2.81956267425,73.9,52,11.5
17031062700,2016-09-02 16:00:00,2,10,2.81956267425,73.9,52,11.5
17031062800,2016-09-02 16:00:00,2,0,0.0,73.9,52,11.5
17031062900,2016-09-02 16:00:00,0,0,0.0,73.9,52,11.5
17031063000,2016-09-02 16:00:00,1,0,0.0,73.9,52,11.5
17031063100,2016-09-02 16:00:00,0,3,7.80145059146,73.9,52,11.5
17031063200,2016-09-02 16:00:00,3,10,7.04308131445,73.9,52,11.5
17031063301,2016-09-02 16:00:00,0,0,0.0,73.9,52,11.5
17031063302,2016-09-02 16:00:00,0,3,9.75583476604,73.9,52,11.5
17031063303,2016-09-02 16:00:00,1,13,12.2004779258,73.9,52,11.5
17031063400,2016-09-02 16:00:00,1,3,7.80145059146,73.9,52,11.5
17031070101,2016-09-02 16:00:00,3,23,9.19696253463,73.9,52,11.5
17031070102,2016-09-02 16:00:00,0,0,0.0,73.9,52,11.5
17031070103,2016-09-02 16:00:00,0,0,0.0,73.9,52,11.5
17031070200,2016-09-02 16:00:00,0,3,10.7863261756,73.9,52,11.5
17031070300,2016-09-02 16:00:00,0,5,9.59672214504,73.9,52,11.5
17031070400,2016-09-02 16:00:00,0,0,0.0,73.9,52,11.5
17031070500,2016-09-02 16:00:00,0,1,13.2795732475,73.9,52,11.5
17031070600,2016-09-02 16:00:00,1,1,13.2795732475,73.9,52,11.5
17031070700,2016-09-02 16:00:00,7,8,2.08658530247,73.9,52,11.5
17031071000,2016-09-02 16:00:00,0,0,0.0,73.9,52,11.5
17031071100,2016-09-02 16:00:00,0,1,4.4208998812199995,73.9,52,11.5
17031071200,2016-09-02 16:00:00,1,1,4.42800348998,73.9,52,11.5
17031071300,2016-09-02 16:00:00,0,0,0.0,73.9,52,11.5
17031071400,2016-09-02 16:00:00,3,13,4.396617407869999,73.9,52,11.5
17031071500,2016-09-02 16:00:00,1,19,10.549009627,73.9,52,11.5
17031071600,2016-09-02 16:00:00,0,0,0.0,73.9,52,11.5
17031071700,2016-09-02 16:00:00,0,0,0.0,73.9,52,11.5
17031071800,2016-09-02 16:00:00,1,0,0.0,73.9,52,11.5
17031080100,2016-09-02 16:00:00,3,5,6.35589047863,73.9,52,11.5
17031080201,2016-09-02 16:00:00,0,0,0.0,73.9,52,11.5
17031080202,2016-09-02 16:00:00,0,0,0.0,73.9,52,11.5
17031080300,2016-09-02 16:00:00,0,1,8.53159126171,73.9,52,11.5
17031080400,2016-09-02 16:00:00,0,3,5.452686052919999,73.9,52,11.5
17031081000,2016-09-02 16:00:00,0,1,2.0710352460099997,73.9,52,11.5
17031081100,2016-09-02 16:00:00,0,0,0.0,73.9,52,11.5
17031081201,2016-09-02 16:00:00,1,12,1.41594310814,73.9,52,11.5
17031081300,2016-09-02 16:00:00,2,1,0.367219793616,73.9,52,11.5
17031081401,2016-09-02 16:00:00,2,2,9.198240432310001,73.9,52,11.5
17031081402,2016-09-02 16:00:00,3,4,6.334301472819999,73.9,52,11.5
17031081500,2016-09-02 16:00:00,0,4,0.5657838325469999,73.9,52,11.5
17031081600,2016-09-02 16:00:00,0,0,0.0,73.9,52,11.5
17031081700,2016-09-02 16:00:00,0,12,3.35521525931,73.9,52,11.5
17031081800,2016-09-02 16:00:00,0,24,3.2657888217,73.9,52,11.5
17031081900,2016-09-02 16:00:00,0,0,0.0,73.9,52,11.5
17031090100,2016-09-02 16:00:00,1,0,0.0,73.9,52,11.5
17031090200,2016-09-02 16:00:00,0,8,3.59487188422,73.9,52,11.5
17031090300,2016-09-02 16:00:00,0,8,3.59487188422,73.9,52,11.5
17031100100,2016-09-02 16:00:00,0,0,0.0,73.9,52,11.5
17031100200,2016-09-02 16:00:00,2,2,0.0,73.9,52,11.5
17031100300,2016-09-02 16:00:00,1,0,0.0,73.9,52,11.5
17031100400,2016-09-02 16:00:00,0,11,13.8780840597,73.9,52,11.5
17031100500,2016-09-02 16:00:00,3,17,12.3060594614,73.9,52,11.5
17031100600,2016-09-02 16:00:00,2,9,6.78230867931,73.9,52,11.5
17031100700,2016-09-02 16:00:00,1,2,5.968278536360001,73.9,52,11.5
17031110100,2016-09-02 16:00:00,6,10,3.2820290485299997,73.9,52,11.5
17031110200,2016-09-02 16:00:00,5,29,4.007182276619999,73.9,52,11.5
17031110300,2016-09-02 16:00:00,5,11,6.318175660390001,73.9,52,11.5
17031110400,2016-09-02 16:00:00,3,54,3.3385295692000003,73.9,52,11.5
17031110501,2016-09-02 16:00:00,5,0,0.0,73.9,52,11.5
17031110502,2016-09-02 16:00:00,7,39,3.7342465032,73.9,52,11.5
17031120100,2016-09-02 16:00:00,4,8,2.9757981542299996,73.9,52,11.5
17031120200,2016-09-02 16:00:00,7,39,8.82979429109,73.9,52,11.5
17031120300,2016-09-02 16:00:00,1,5,0.291923162374,73.9,52,11.5
17031120400,2016-09-02 16:00:00,11,30,3.43257920151,73.9,52,11.5
17031130100,2016-09-02 16:00:00,4,7,2.98638337222,73.9,52,11.5
17031130200,2016-09-02 16:00:00,5,32,3.60076402494,73.9,52,11.5
17031130300,2016-09-02 16:00:00,3,0,0.0,73.9,52,11.5
17031140100,2016-09-02 16:00:00,0,1,1.0782267800399998,73.9,52,11.5
17031140200,2016-09-02 16:00:00,0,1,6.77684141036,73.9,52,11.5
17031140301,2016-09-02 16:00:00,0,2,5.000587504459999,73.9,52,11.5
17031140302,2016-09-02 16:00:00,0,4,6.8795576568399985,73.9,52,11.5
17031140400,2016-09-02 16:00:00,3,15,6.33495149215,73.9,52,11.5
17031140500,2016-09-02 16:00:00,0,2,12.4360164378,73.9,52,11.5
17031140601,2016-09-02 16:00:00,1,0,0.0,73.9,52,11.5
17031140602,2016-09-02 16:00:00,0,0,0.0,73.9,52,11.5
17031140701,2016-09-02 16:00:00,0,0,0.0,73.9,52,11.5
17031140702,2016-09-02 16:00:00,0,3,8.38506838072,73.9,52,11.5
17031140800,2016-09-02 16:00:00,2,1,1.0782267800399998,73.9,52,11.5
17031150200,2016-09-02 16:00:00,4,25,3.25201633455,73.9,52,11.5
17031150300,2016-09-02 16:00:00,1,7,3.1680596522799997,73.9,52,11.5
17031150401,2016-09-02 16:00:00,1,2,2.07837501793,73.9,52,11.5
17031150402,2016-09-02 16:00:00,0,2,2.07837501793,73.9,52,11.5
17031150501,2016-09-02 16:00:00,0,0,0.0,73.9,52,11.5
17031150502,2016-09-02 16:00:00,0,1,6.42527119325,73.9,52,11.5
17031150600,2016-09-02 16:00:00,0,1,0.0,73.9,52,11.5
17031150700,2016-09-02 16:00:00,0,1,6.99141255725,73.9,52,11.5
17031150800,2016-09-02 16:00:00,1,0,0.0,73.9,52,11.5
17031151001,2016-09-02 16:00:00,0,2,11.5240772121,73.9,52,11.5
17031151002,2016-09-02 16:00:00,0,5,3.5440068662,73.9,52,11.5
17031151100,2016-09-02 16:00:00,0,0,0.0,73.9,52,11.5
17031151200,2016-09-02 16:00:00,0,0,0.0,73.9,52,11.5
17031160100,2016-09-02 16:00:00,2,38,3.7779092653300004,73.9,52,11.5
17031160200,2016-09-02 16:00:00,5,89,3.42342347514,73.9,52,11.5
17031160300,2016-09-02 16:00:00,2,13,2.7103129469200002,73.9,52,11.5
17031160400,2016-09-02 16:00:00,1,9,0.8068573745700001,73.9,52,11.5
17031160501,2016-09-02 16:00:00,0,0,0.0,73.9,52,11.5
17031160502,2016-09-02 16:00:00,0,3,1.3130575741500001,73.9,52,11.5
17031160601,2016-09-02 16:00:00,2,0,0.0,73.9,52,11.5
17031160602,2016-09-02 16:00:00,0,0,0.0,73.9,52,11.5
17031160700,2016-09-02 16:00:00,0,3,8.67342265285,73.9,52,11.5
17031160800,2016-09-02 16:00:00,0,0,0.0,73.9,52,11.5
17031160900,2016-09-02 16:00:00,3,28,5.09213739926,73.9,52,11.5
17031161000,2016-09-02 16:00:00,1,10,3.68681305399,73.9,52,11.5
17031161100,2016-09-02 16:00:00,0,9,9.18127883889,73.9,52,11.5
17031161200,2016-09-02 16:00:00,0,0,0.0,73.9,52,11.5
17031161300,2016-09-02 16:00:00,0,0,0.0,73.9,52,11.5
17031170100,2016-09-02 16:00:00,1,2,14.5551571174,73.9,52,11.5
17031170200,2016-09-02 16:00:00,0,1,6.42527119325,73.9,52,11.5
17031170300,2016-09-02 16:00:00,1,0,0.0,73.9,52,11.5
17031170400,2016-09-02 16:00:00,1,0,0.0,73.9,52,11.5
17031170500,2016-09-02 16:00:00,0,0,0.0,73.9,52,11.5
17031170600,2016-09-02 16:00:00,0,0,0.0,73.9,52,11.5
17031170700,2016-09-02 16:00:00,0,0,0.0,73.9,52,11.5
17031170800,2016-09-02 16:00:00,0,0,0.0,73.9,52,11.5
17031170900,2016-09-02 16:00:00,0,0,0.0,73.9,52,11.5
17031171000,2016-09-02 16:00:00,0,5,4.04110460424,73.9,52,11.5
17031171100,2016-09-02 16:00:00,0,0,0.0,73.9,52,11.5
17031180100,2016-09-02 16:00:00,0,5,4.04110460424,73.9,52,11.5
17031190100,2016-09-02 16:00:00,0,0,0.0,73.9,52,11.5
17031190200,2016-09-02 16:00:00,0,1,2.1774908861599998,73.9,52,11.5
17031190300,2016-09-02 16:00:00,0,1,2.7364071235600003,73.9,52,11.5
17031190401,2016-09-02 16:00:00,0,0,0.0,73.9,52,11.5
17031190402,2016-09-02 16:00:00,0,1,2.7364071235600003,73.9,52,11.5
17031190601,2016-09-02 16:00:00,0,0,0.0,73.9,52,11.5
17031190602,2016-09-02 16:00:00,0,0,0.0,73.9,52,11.5
17031190701,2016-09-02 16:00:00,0,0,0.0,73.9,52,11.5
17031190702,2016-09-02 16:00:00,0,0,0.0,73.9,52,11.5
17031190800,2016-09-02 16:00:00,0,0,0.0,73.9,52,11.5
17031190900,2016-09-02 16:00:00,0,0,0.0,73.9,52,11.5
17031191000,2016-09-02 16:00:00,0,0,0.0,73.9,52,11.5
17031191100,2016-09-02 16:00:00,0,0,0.0,73.9,52,11.5
17031191200,2016-09-02 16:00:00,0,0,0.0,73.9,52,11.5
17031191301,2016-09-02 16:00:00,0,0,0.0,73.9,52,11.5
17031191302,2016-09-02 16:00:00,0,0,0.0,73.9,52,11.5
17031200100,2016-09-02 16:00:00,0,0,0.0,73.9,52,11.5
17031200200,2016-09-02 16:00:00,0,1,8.008458884289999,73.9,52,11.5
17031200300,2016-09-02 16:00:00,0,0,0.0,73.9,52,11.5
17031200401,2016-09-02 16:00:00,0,0,0.0,73.9,52,11.5
17031200402,2016-09-02 16:00:00,0,0,0.0,73.9,52,11.5
17031210100,2016-09-02 16:00:00,1,1,7.46366524255,73.9,52,11.5
17031210400,2016-09-02 16:00:00,0,1,11.1630428145,73.9,52,11.5
17031210501,2016-09-02 16:00:00,0,0,0.0,73.9,52,11.5
17031210502,2016-09-02 16:00:00,0,2,8.7950242611,73.9,52,11.5
17031210601,2016-09-02 16:00:00,0,1,0.0,73.9,52,11.5
17031210602,2016-09-02 16:00:00,0,2,1.8267817998099998,73.9,52,11.5
17031210700,2016-09-02 16:00:00,1,25,3.35908905604,73.9,52,11.5
17031210800,2016-09-02 16:00:00,3,12,3.0192516877999998,73.9,52,11.5
17031210900,2016-09-02 16:00:00,3,30,4.87855395341,73.9,52,11.5
17031220300,2016-09-02 16:00:00,1,0,0.0,73.9,52,11.5
17031220400,2016-09-02 16:00:00,2,3,6.165692094380001,73.9,52,11.5
17031220500,2016-09-02 16:00:00,3,6,3.1060560578900005,73.9,52,11.5
17031220601,2016-09-02 16:00:00,0,1,4.86246073378,73.9,52,11.5
17031220602,2016-09-02 16:00:00,0,4,1.25043019949,73.9,52,11.5
17031220701,2016-09-02 16:00:00,0,0,0.0,73.9,52,11.5
17031220702,2016-09-02 16:00:00,0,0,0.0,73.9,52,11.5
17031220901,2016-09-02 16:00:00,0,0,0.0,73.9,52,11.5
17031220902,2016-09-02 16:00:00,0,0,0.0,73.9,52,11.5
17031221000,2016-09-02 16:00:00,0,1,12.6107411449,73.9,52,11.5
17031221100,2016-09-02 16:00:00,4,5,1.6380432443200001,73.9,52,11.5
17031221200,2016-09-02 16:00:00,2,5,1.6380432443200001,73.9,52,11.5
17031221300,2016-09-02 16:00:00,0,0,0.0,73.9,52,11.5
17031221400,2016-09-02 16:00:00,0,0,0.0,73.9,52,11.5
17031221500,2016-09-02 16:00:00,0,0,0.0,73.9,52,11.5
17031221600,2016-09-02 16:00:00,0,0,0.0,73.9,52,11.5
17031222200,2016-09-02 16:00:00,0,0,0.0,73.9,52,11.5
17031222500,2016-09-02 16:00:00,0,0,0.0,73.9,52,11.5
17031222600,2016-09-02 16:00:00,0,0,0.0,73.9,52,11.5
17031222700,2016-09-02 16:00:00,3,0,0.0,73.9,52,11.5
17031222800,2016-09-02 16:00:00,0,0,0.0,73.9,52,11.5
17031222900,2016-09-02 16:00:00,0,0,0.0,73.9,52,11.5
17031230100,2016-09-02 16:00:00,0,0,0.0,73.9,52,11.5
17031230200,2016-09-02 16:00:00,0,0,0.0,73.9,52,11.5
17031230300,2016-09-02 16:00:00,0,0,0.0,73.9,52,11.5
17031230400,2016-09-02 16:00:00,0,1,0.0,73.9,52,11.5
17031230500,2016-09-02 16:00:00,0,0,0.0,73.9,52,11.5
17031230600,2016-09-02 16:00:00,0,0,0.0,73.9,52,11.5
17031230700,2016-09-02 16:00:00,0,1,0.0,73.9,52,11.5
17031230800,2016-09-02 16:00:00,0,0,0.0,73.9,52,11.5
17031230900,2016-09-02 16:00:00,1,0,0.0,73.9,52,11.5
17031231100,2016-09-02 16:00:00,0,0,0.0,73.9,52,11.5
17031231200,2016-09-02 16:00:00,0,0,0.0,73.9,52,11.5
17031231500,2016-09-02 16:00:00,0,1,13.131328496199998,73.9,52,11.5
17031240200,2016-09-02 16:00:00,1,0,0.0,73.9,52,11.5
17031240300,2016-09-02 16:00:00,0,0,0.0,73.9,52,11.5
17031240500,2016-09-02 16:00:00,0,1,0.24142574722100002,73.9,52,11.5
17031240600,2016-09-02 16:00:00,0,0,0.0,73.9,52,11.5
17031240700,2016-09-02 16:00:00,0,2,1.52515329418,73.9,52,11.5
17031240800,2016-09-02 16:00:00,0,0,0.0,73.9,52,11.5
17031240900,2016-09-02 16:00:00,0,1,2.00889713288,73.9,52,11.5
17031241000,2016-09-02 16:00:00,0,1,2.00889713288,73.9,52,11.5
17031241100,2016-09-02 16:00:00,1,7,7.683995309149999,73.9,52,11.5
17031241200,2016-09-02 16:00:00,0,2,3.6674729109099995,73.9,52,11.5
17031241300,2016-09-02 16:00:00,0,0,0.0,73.9,52,11.5
17031241400,2016-09-02 16:00:00,0,10,5.18074866368,73.9,52,11.5
17031241500,2016-09-02 16:00:00,0,4,3.7605935745199996,73.9,52,11.5
17031241600,2016-09-02 16:00:00,0,24,4.55313265964,73.9,52,11.5
17031242000,2016-09-02 16:00:00,0,0,0.0,73.9,52,11.5
17031242100,2016-09-02 16:00:00,0,0,0.0,73.9,52,11.5
17031242200,2016-09-02 16:00:00,0,1,2.9066489701,73.9,52,11.5
17031242300,2016-09-02 16:00:00,0,0,0.0,73.9,52,11.5
17031242400,2016-09-02 16:00:00,0,4,11.0703223102,73.9,52,11.5
17031242500,2016-09-02 16:00:00,1,4,11.0703223102,73.9,52,11.5
17031242600,2016-09-02 16:00:00,1,0,0.0,73.9,52,11.5
17031242700,2016-09-02 16:00:00,0,2,1.19826532259,73.9,52,11.5
17031242800,2016-09-02 16:00:00,1,0,0.0,73.9,52,11.5
17031242900,2016-09-02 16:00:00,1,6,2.91974047772,73.9,52,11.5
17031243000,2016-09-02 16:00:00,0,1,8.3763388322,73.9,52,11.5
17031243100,2016-09-02 16:00:00,1,4,6.30293112375,73.9,52,11.5
17031243200,2016-09-02 16:00:00,3,3,5.23814823859,73.9,52,11.5
17031243300,2016-09-02 16:00:00,2,2,2.7879187434799997,73.9,52,11.5
17031243400,2016-09-02 16:00:00,1,0,0.0,73.9,52,11.5
17031243500,2016-09-02 16:00:00,10,16,1.6124215831400002,73.9,52,11.5
17031250200,2016-09-02 16:00:00,0,0,0.0,73.9,52,11.5
17031250300,2016-09-02 16:00:00,1,1,1.69071559489,73.9,52,11.5
17031250400,2016-09-02 16:00:00,0,3,7.297189313660001,73.9,52,11.5
17031250500,2016-09-02 16:00:00,0,8,5.89914131002,73.9,52,11.5
17031250600,2016-09-02 16:00:00,0,0,0.0,73.9,52,11.5
17031250700,2016-09-02 16:00:00,1,2,1.18605272828,73.9,52,11.5
17031250800,2016-09-02 16:00:00,1,0,0.0,73.9,52,11.5
17031251000,2016-09-02 16:00:00,1,0,0.0,73.9,52,11.5
17031251100,2016-09-02 16:00:00,0,1,16.9653601603,73.9,52,11.5
17031251200,2016-09-02 16:00:00,0,1,0.6560396801699999,73.9,52,11.5
17031251300,2016-09-02 16:00:00,0,0,0.0,73.9,52,11.5
17031251400,2016-09-02 16:00:00,0,3,0.7825501061810001,73.9,52,11.5
17031251500,2016-09-02 16:00:00,0,0,0.0,73.9,52,11.5
17031251600,2016-09-02 16:00:00,0,0,0.0,73.9,52,11.5
17031251700,2016-09-02 16:00:00,0,0,0.0,73.9,52,11.5
17031251800,2016-09-02 16:00:00,0,6,9.02784706047,73.9,52,11.5
17031251900,2016-09-02 16:00:00,0,2,1.00002161349,73.9,52,11.5
17031252000,2016-09-02 16:00:00,0,2,1.00002161349,73.9,52,11.5
17031252101,2016-09-02 16:00:00,0,5,0.042111437205800004,73.9,52,11.5
17031252102,2016-09-02 16:00:00,1,3,2.5571141204,73.9,52,11.5
17031252201,2016-09-02 16:00:00,1,0,0.0,73.9,52,11.5
17031252202,2016-09-02 16:00:00,0,3,4.3718121499,73.9,52,11.5
17031260100,2016-09-02 16:00:00,0,0,0.0,73.9,52,11.5
17031260200,2016-09-02 16:00:00,0,0,0.0,73.9,52,11.5
17031260300,2016-09-02 16:00:00,0,0,0.0,73.9,52,11.5
17031260400,2016-09-02 16:00:00,0,0,0.0,73.9,52,11.5
17031260500,2016-09-02 16:00:00,0,2,0.0,73.9,52,11.5
17031260600,2016-09-02 16:00:00,0,3,20.4562100082,73.9,52,11.5
17031260700,2016-09-02 16:00:00,1,3,3.2417409873299996,73.9,52,11.5
17031260800,2016-09-02 16:00:00,2,0,0.0,73.9,52,11.5
17031260900,2016-09-02 16:00:00,0,0,0.0,73.9,52,11.5
17031261000,2016-09-02 16:00:00,0,3,20.4562100082,73.9,52,11.5
17031270500,2016-09-02 16:00:00,1,3,9.72564124021,73.9,52,11.5
17031271200,2016-09-02 16:00:00,1,1,9.66724414548,73.9,52,11.5
17031271300,2016-09-02 16:00:00,0,4,13.113175729100002,73.9,52,11.5
17031271400,2016-09-02 16:00:00,0,0,0.0,73.9,52,11.5
17031271500,2016-09-02 16:00:00,0,0,0.0,73.9,52,11.5
17031271800,2016-09-02 16:00:00,0,2,0.0,73.9,52,11.5
17031280100,2016-09-02 16:00:00,8,13,2.97419678328,73.9,52,11.5
17031280400,2016-09-02 16:00:00,1,0,0.0,73.9,52,11.5
17031280800,2016-09-02 16:00:00,0,0,0.0,73.9,52,11.5
17031280900,2016-09-02 16:00:00,0,0,0.0,73.9,52,11.5
17031281900,2016-09-02 16:00:00,4,1,12.020460894700001,73.9,52,11.5
17031282700,2016-09-02 16:00:00,3,3,4.4276851194599995,73.9,52,11.5
17031282800,2016-09-02 16:00:00,2,0,0.0,73.9,52,11.5
17031283100,2016-09-02 16:00:00,0,0,0.0,73.9,52,11.5
17031283200,2016-09-02 16:00:00,0,0,0.0,73.9,52,11.5
17031283800,2016-09-02 16:00:00,0,0,0.0,73.9,52,11.5
17031290900,2016-09-02 16:00:00,0,0,0.0,73.9,52,11.5
17031291200,2016-09-02 16:00:00,0,0,0.0,73.9,52,11.5
17031291600,2016-09-02 16:00:00,0,0,0.0,73.9,52,11.5
17031292200,2016-09-02 16:00:00,0,0,0.0,73.9,52,11.5
17031292400,2016-09-02 16:00:00,0,0,0.0,73.9,52,11.5
17031292500,2016-09-02 16:00:00,0,1,3.1425804944499998,73.9,52,11.5
17031300500,2016-09-02 16:00:00,0,0,0.0,73.9,52,11.5
17031300600,2016-09-02 16:00:00,0,0,0.0,73.9,52,11.5
17031300700,2016-09-02 16:00:00,0,0,0.0,73.9,52,11.5
17031300800,2016-09-02 16:00:00,0,0,0.0,73.9,52,11.5
17031300900,2016-09-02 16:00:00,0,0,0.0,73.9,52,11.5
17031301100,2016-09-02 16:00:00,0,2,5.81977252015,73.9,52,11.5
17031301200,2016-09-02 16:00:00,0,0,0.0,73.9,52,11.5
17031301600,2016-09-02 16:00:00,0,0,0.0,73.9,52,11.5
17031301701,2016-09-02 16:00:00,0,0,0.0,73.9,52,11.5
17031301702,2016-09-02 16:00:00,0,0,0.0,73.9,52,11.5
17031301801,2016-09-02 16:00:00,0,0,0.0,73.9,52,11.5
17031301802,2016-09-02 16:00:00,0,0,0.0,73.9,52,11.5
17031301803,2016-09-02 16:00:00,0,0,0.0,73.9,52,11.5
17031310200,2016-09-02 16:00:00,1,0,0.0,73.9,52,11.5
17031310300,2016-09-02 16:00:00,0,0,0.0,73.9,52,11.5
17031310400,2016-09-02 16:00:00,0,0,0.0,73.9,52,11.5
17031310500,2016-09-02 16:00:00,0,2,4.3360809183499995,73.9,52,11.5
17031310600,2016-09-02 16:00:00,0,14,8.17253167969,73.9,52,11.5
17031310700,2016-09-02 16:00:00,0,3,0.0845393351741,73.9,52,11.5
17031310800,2016-09-02 16:00:00,0,4,0.0,73.9,52,11.5
17031310900,2016-09-02 16:00:00,1,0,0.0,73.9,52,11.5
17031320100,2016-09-02 16:00:00,0,20,10.372225547000001,73.9,52,11.5
17031320400,2016-09-02 16:00:00,1,38,5.77041569404,73.9,52,11.5
17031320600,2016-09-02 16:00:00,2,17,1.59030519525,73.9,52,11.5
17031330100,2016-09-02 16:00:00,11,57,3.9335144461300002,73.9,52,11.5
17031330200,2016-09-02 16:00:00,0,3,7.686653194169999,73.9,52,11.5
17031340300,2016-09-02 16:00:00,0,0,0.0,73.9,52,11.5
17031340400,2016-09-02 16:00:00,2,6,8.0173938795,73.9,52,11.5
17031340500,2016-09-02 16:00:00,0,2,15.040950063399999,73.9,52,11.5
17031340600,2016-09-02 16:00:00,2,6,3.8895743028699994,73.9,52,11.5
17031350100,2016-09-02 16:00:00,0,3,0.0,73.9,52,11.5
17031350400,2016-09-02 16:00:00,0,0,0.0,73.9,52,11.5
17031351000,2016-09-02 16:00:00,0,3,0.0,73.9,52,11.5
17031351100,2016-09-02 16:00:00,0,0,0.0,73.9,52,11.5
17031351400,2016-09-02 16:00:00,0,4,3.4934968832099997,73.9,52,11.5
17031351500,2016-09-02 16:00:00,0,0,0.0,73.9,52,11.5
17031360200,2016-09-02 16:00:00,0,0,0.0,73.9,52,11.5
17031380100,2016-09-02 16:00:00,0,4,3.6698495857099998,73.9,52,11.5
17031380200,2016-09-02 16:00:00,0,0,0.0,73.9,52,11.5
17031380500,2016-09-02 16:00:00,0,0,0.0,73.9,52,11.5
17031380700,2016-09-02 16:00:00,0,0,0.0,73.9,52,11.5
17031381200,2016-09-02 16:00:00,0,0,0.0,73.9,52,11.5
17031381400,2016-09-02 16:00:00,0,0,0.0,73.9,52,11.5
17031381500,2016-09-02 16:00:00,0,0,0.0,73.9,52,11.5
17031381700,2016-09-02 16:00:00,0,0,0.0,73.9,52,11.5
17031381800,2016-09-02 16:00:00,0,0,0.0,73.9,52,11.5
17031381900,2016-09-02 16:00:00,0,0,0.0,73.9,52,11.5
17031390100,2016-09-02 16:00:00,0,0,0.0,73.9,52,11.5
17031390200,2016-09-02 16:00:00,0,0,0.0,73.9,52,11.5
17031390300,2016-09-02 16:00:00,0,0,0.0,73.9,52,11.5
17031390400,2016-09-02 16:00:00,0,0,0.0,73.9,52,11.5
17031390500,2016-09-02 16:00:00,0,0,0.0,73.9,52,11.5
17031390600,2016-09-02 16:00:00,0,0,0.0,73.9,52,11.5
17031390700,2016-09-02 16:00:00,1,1,7.5085603807300005,73.9,52,11.5
17031400300,2016-09-02 16:00:00,1,4,8.09557403421,73.9,52,11.5
17031400400,2016-09-02 16:00:00,0,0,0.0,73.9,52,11.5
17031400500,2016-09-02 16:00:00,0,4,8.09557403421,73.9,52,11.5
17031400800,2016-09-02 16:00:00,0,0,0.0,73.9,52,11.5
17031410100,2016-09-02 16:00:00,0,6,3.8143932272900005,73.9,52,11.5
17031410200,2016-09-02 16:00:00,0,0,0.0,73.9,52,11.5
17031410500,2016-09-02 16:00:00,0,0,0.0,73.9,52,11.5
17031410600,2016-09-02 16:00:00,0,0,0.0,73.9,52,11.5
17031410700,2016-09-02 16:00:00,0,0,0.0,73.9,52,11.5
17031410800,2016-09-02 16:00:00,0,0,0.0,73.9,52,11.5
17031410900,2016-09-02 16:00:00,0,2,10.9246705753,73.9,52,11.5
17031411000,2016-09-02 16:00:00,0,2,0.0205683814605,73.9,52,11.5
17031411100,2016-09-02 16:00:00,0,0,0.0,73.9,52,11.5
17031411200,2016-09-02 16:00:00,0,0,0.0,73.9,52,11.5
17031420100,2016-09-02 16:00:00,0,0,0.0,73.9,52,11.5
17031420200,2016-09-02 16:00:00,0,0,0.0,73.9,52,11.5
17031420300,2016-09-02 16:00:00,0,0,0.0,73.9,52,11.5
17031420400,2016-09-02 16:00:00,0,0,0.0,73.9,52,11.5
17031420500,2016-09-02 16:00:00,0,0,0.0,73.9,52,11.5
17031420600,2016-09-02 16:00:00,0,0,0.0,73.9,52,11.5
17031420700,2016-09-02 16:00:00,0,0,0.0,73.9,52,11.5
17031420800,2016-09-02 16:00:00,0,0,0.0,73.9,52,11.5
17031421200,2016-09-02 16:00:00,1,2,26.174654142399998,73.9,52,11.5
17031430101,2016-09-02 16:00:00,0,0,0.0,73.9,52,11.5
17031430102,2016-09-02 16:00:00,0,0,0.0,73.9,52,11.5
17031430200,2016-09-02 16:00:00,0,0,0.0,73.9,52,11.5
17031430300,2016-09-02 16:00:00,0,3,2.86213922458,73.9,52,11.5
17031430400,2016-09-02 16:00:00,0,0,0.0,73.9,52,11.5
17031430500,2016-09-02 16:00:00,0,0,0.0,73.9,52,11.5
17031430600,2016-09-02 16:00:00,0,0,0.0,73.9,52,11.5
17031430700,2016-09-02 16:00:00,0,0,0.0,73.9,52,11.5
17031430800,2016-09-02 16:00:00,0,0,0.0,73.9,52,11.5
17031430900,2016-09-02 16:00:00,0,2,0.111646044163,73.9,52,11.5
17031431200,2016-09-02 16:00:00,0,1,10.7368469701,73.9,52,11.5
17031431301,2016-09-02 16:00:00,0,0,0.0,73.9,52,11.5
17031431302,2016-09-02 16:00:00,0,0,0.0,73.9,52,11.5
17031431400,2016-09-02 16:00:00,0,0,0.0,73.9,52,11.5
17031440101,2016-09-02 16:00:00,0,0,0.0,73.9,52,11.5
17031440102,2016-09-02 16:00:00,0,3,0.150036046529,73.9,52,11.5
17031440201,2016-09-02 16:00:00,0,0,0.0,73.9,52,11.5
17031440202,2016-09-02 16:00:00,0,3,0.150036046529,73.9,52,11.5
17031440300,2016-09-02 16:00:00,0,0,0.0,73.9,52,11.5
17031440600,2016-09-02 16:00:00,0,0,0.0,73.9,52,11.5
17031440700,2016-09-02 16:00:00,0,0,0.0,73.9,52,11.5
17031440800,2016-09-02 16:00:00,0,0,0.0,73.9,52,11.5
17031440900,2016-09-02 16:00:00,0,0,0.0,73.9,52,11.5
17031450300,2016-09-02 16:00:00,0,2,20.3154751828,73.9,52,11.5
17031460100,2016-09-02 16:00:00,0,3,6.65315346999,73.9,52,11.5
17031460200,2016-09-02 16:00:00,0,0,0.0,73.9,52,11.5
17031460301,2016-09-02 16:00:00,0,0,0.0,73.9,52,11.5
17031460302,2016-09-02 16:00:00,0,0,0.0,73.9,52,11.5
17031460400,2016-09-02 16:00:00,0,0,0.0,73.9,52,11.5
17031460500,2016-09-02 16:00:00,0,2,20.3154751828,73.9,52,11.5
17031460600,2016-09-02 16:00:00,0,0,0.0,73.9,52,11.5
17031460700,2016-09-02 16:00:00,0,0,0.0,73.9,52,11.5
17031461000,2016-09-02 16:00:00,0,1,31.99543069,73.9,52,11.5
17031470100,2016-09-02 16:00:00,0,0,0.0,73.9,52,11.5
17031480100,2016-09-02 16:00:00,1,0,0.0,73.9,52,11.5
17031480200,2016-09-02 16:00:00,0,0,0.0,73.9,52,11.5
17031480300,2016-09-02 16:00:00,0,0,0.0,73.9,52,11.5
17031480400,2016-09-02 16:00:00,0,0,0.0,73.9,52,11.5
17031480500,2016-09-02 16:00:00,0,1,31.99543069,73.9,52,11.5
17031490300,2016-09-02 16:00:00,0,0,0.0,73.9,52,11.5
17031490400,2016-09-02 16:00:00,0,0,0.0,73.9,52,11.5
17031490500,2016-09-02 16:00:00,1,2,0.0,73.9,52,11.5
17031490600,2016-09-02 16:00:00,3,3,29.445453081500002,73.9,52,11.5
17031490700,2016-09-02 16:00:00,0,0,0.0,73.9,52,11.5
17031490800,2016-09-02 16:00:00,2,2,0.0,73.9,52,11.5
17031490901,2016-09-02 16:00:00,0,0,0.0,73.9,52,11.5
17031490902,2016-09-02 16:00:00,0,3,9.07396869001,73.9,52,11.5
17031491000,2016-09-02 16:00:00,0,0,0.0,73.9,52,11.5
17031491100,2016-09-02 16:00:00,0,0,0.0,73.9,52,11.5
17031491200,2016-09-02 16:00:00,0,0,0.0,73.9,52,11.5
17031491300,2016-09-02 16:00:00,0,0,0.0,73.9,52,11.5
17031491400,2016-09-02 16:00:00,0,0,0.0,73.9,52,11.5
17031500100,2016-09-02 16:00:00,0,1,27.9821192403,73.9,52,11.5
17031500200,2016-09-02 16:00:00,3,6,20.248742538800002,73.9,52,11.5
17031500300,2016-09-02 16:00:00,1,2,31.3412602288,73.9,52,11.5
17031510100,2016-09-02 16:00:00,0,0,0.0,73.9,52,11.5
17031510200,2016-09-02 16:00:00,0,0,0.0,73.9,52,11.5
17031510300,2016-09-02 16:00:00,0,4,0.0,73.9,52,11.5
17031520100,2016-09-02 16:00:00,0,0,0.0,73.9,52,11.5
17031520200,2016-09-02 16:00:00,0,0,0.0,73.9,52,11.5
17031520300,2016-09-02 16:00:00,0,0,0.0,73.9,52,11.5
17031520400,2016-09-02 16:00:00,0,0,0.0,73.9,52,11.5
17031520500,2016-09-02 16:00:00,0,0,0.0,73.9,52,11.5
17031520600,2016-09-02 16:00:00,0,0,0.0,73.9,52,11.5
17031530100,2016-09-02 16:00:00,0,0,0.0,73.9,52,11.5
17031530200,2016-09-02 16:00:00,0,0,0.0,73.9,52,11.5
17031530300,2016-09-02 16:00:00,0,0,0.0,73.9,52,11.5
17031530400,2016-09-02 16:00:00,0,0,0.0,73.9,52,11.5
17031530501,2016-09-02 16:00:00,0,0,0.0,73.9,52,11.5
17031530502,2016-09-02 16:00:00,0,0,0.0,73.9,52,11.5
17031530503,2016-09-02 16:00:00,0,0,0.0,73.9,52,11.5
17031530600,2016-09-02 16:00:00,1,0,0.0,73.9,52,11.5
17031540101,2016-09-02 16:00:00,0,0,0.0,73.9,52,11.5
17031540102,2016-09-02 16:00:00,1,1,28.1322555225,73.9,52,11.5
17031550100,2016-09-02 16:00:00,0,0,0.0,73.9,52,11.5
17031550200,2016-09-02 16:00:00,0,1,6.9632033335,73.9,52,11.5
17031560100,2016-09-02 16:00:00,0,11,13.3007454831,73.9,52,11.5
17031560200,2016-09-02 16:00:00,1,10,14.2296718596,73.9,52,11.5
17031560300,2016-09-02 16:00:00,1,8,5.18765792975,73.9,52,11.5
17031560400,2016-09-02 16:00:00,1,0,0.0,73.9,52,11.5
17031560700,2016-09-02 16:00:00,1,0,0.0,73.9,52,11.5
17031560800,2016-09-02 16:00:00,0,0,0.0,73.9,52,11.5
17031560900,2016-09-02 16:00:00,0,0,0.0,73.9,52,11.5
17031561000,2016-09-02 16:00:00,0,0,0.0,73.9,52,11.5
17031561100,2016-09-02 16:00:00,0,0,0.0,73.9,52,11.5
17031570100,2016-09-02 16:00:00,0,3,9.86251047759,73.9,52,11.5
17031570200,2016-09-02 16:00:00,1,11,15.4626771085,73.9,52,11.5
17031570300,2016-09-02 16:00:00,0,1,18.1046738316,73.9,52,11.5
17031570400,2016-09-02 16:00:00,0,1,18.1046738316,73.9,52,11.5
17031570500,2016-09-02 16:00:00,0,0,0.0,73.9,52,11.5
17031580100,2016-09-02 16:00:00,1,7,3.0314582953900002,73.9,52,11.5
17031580200,2016-09-02 16:00:00,2,10,3.6395405378400003,73.9,52,11.5
17031580300,2016-09-02 16:00:00,1,2,24.295966559,73.9,52,11.5
17031580400,2016-09-02 16:00:00,0,0,0.0,73.9,52,11.5
17031580501,2016-09-02 16:00:00,0,0,0.0,73.9,52,11.5
17031580502,2016-09-02 16:00:00,0,0,0.0,73.9,52,11.5
17031580600,2016-09-02 16:00:00,1,0,0.0,73.9,52,11.5
17031580700,2016-09-02 16:00:00,0,0,0.0,73.9,52,11.5
17031580800,2016-09-02 16:00:00,0,0,0.0,73.9,52,11.5
17031590500,2016-09-02 16:00:00,0,0,0.0,73.9,52,11.5
17031590600,2016-09-02 16:00:00,0,0,0.0,73.9,52,11.5
17031590700,2016-09-02 16:00:00,0,0,0.0,73.9,52,11.5
17031600400,2016-09-02 16:00:00,0,0,0.0,73.9,52,11.5
17031600600,2016-09-02 16:00:00,2,10,6.1009110338,73.9,52,11.5
17031600700,2016-09-02 16:00:00,0,19,3.6616894850199997,73.9,52,11.5
17031600900,2016-09-02 16:00:00,0,0,0.0,73.9,52,11.5
17031610300,2016-09-02 16:00:00,0,0,0.0,73.9,52,11.5
17031610400,2016-09-02 16:00:00,0,0,0.0,73.9,52,11.5
17031610800,2016-09-02 16:00:00,0,0,0.0,73.9,52,11.5
17031611000,2016-09-02 16:00:00,0,0,0.0,73.9,52,11.5
17031611100,2016-09-02 16:00:00,0,0,0.0,73.9,52,11.5
17031611200,2016-09-02 16:00:00,0,5,13.9182884943,73.9,52,11.5
17031611300,2016-09-02 16:00:00,0,0,0.0,73.9,52,11.5
17031611400,2016-09-02 16:00:00,0,2,7.20557192291,73.9,52,11.5
17031611500,2016-09-02 16:00:00,0,0,0.0,73.9,52,11.5
17031611600,2016-09-02 16:00:00,0,0,0.0,73.9,52,11.5
17031611700,2016-09-02 16:00:00,0,0,0.0,73.9,52,11.5
17031611800,2016-09-02 16:00:00,0,0,0.0,73.9,52,11.5
17031611900,2016-09-02 16:00:00,0,0,0.0,73.9,52,11.5
17031612000,2016-09-02 16:00:00,0,0,0.0,73.9,52,11.5
17031612100,2016-09-02 16:00:00,0,0,0.0,73.9,52,11.5
17031620100,2016-09-02 16:00:00,0,0,0.0,73.9,52,11.5
17031620200,2016-09-02 16:00:00,0,0,0.0,73.9,52,11.5
17031620300,2016-09-02 16:00:00,0,0,0.0,73.9,52,11.5
17031620400,2016-09-02 16:00:00,0,0,0.0,73.9,52,11.5
17031630100,2016-09-02 16:00:00,0,6,4.01256847328,73.9,52,11.5
17031630200,2016-09-02 16:00:00,0,0,0.0,73.9,52,11.5
17031630300,2016-09-02 16:00:00,0,0,0.0,73.9,52,11.5
17031630400,2016-09-02 16:00:00,0,0,0.0,73.9,52,11.5
17031630500,2016-09-02 16:00:00,0,0,0.0,73.9,52,11.5
17031630800,2016-09-02 16:00:00,0,0,0.0,73.9,52,11.5
17031630900,2016-09-02 16:00:00,0,0,0.0,73.9,52,11.5
17031640100,2016-09-02 16:00:00,0,4,2.9026359344,73.9,52,11.5
17031640300,2016-09-02 16:00:00,0,0,0.0,73.9,52,11.5
17031640400,2016-09-02 16:00:00,0,1,8.26838879682,73.9,52,11.5
17031640500,2016-09-02 16:00:00,0,1,8.26838879682,73.9,52,11.5
17031640600,2016-09-02 16:00:00,0,0,0.0,73.9,52,11.5
17031640700,2016-09-02 16:00:00,0,0,0.0,73.9,52,11.5
17031640800,2016-09-02 16:00:00,0,0,0.0,73.9,52,11.5
17031650100,2016-09-02 16:00:00,0,0,0.0,73.9,52,11.5
17031650200,2016-09-02 16:00:00,0,0,0.0,73.9,52,11.5
17031650301,2016-09-02 16:00:00,0,0,0.0,73.9,52,11.5
17031650302,2016-09-02 16:00:00,0,0,0.0,73.9,52,11.5
17031650400,2016-09-02 16:00:00,0,0,0.0,73.9,52,11.5
17031650500,2016-09-02 16:00:00,1,0,0.0,73.9,52,11.5
17031660301,2016-09-02 16:00:00,0,0,0.0,73.9,52,11.5
17031660302,2016-09-02 16:00:00,0,0,0.0,73.9,52,11.5
17031660400,2016-09-02 16:00:00,0,0,0.0,73.9,52,11.5
17031660500,2016-09-02 16:00:00,0,0,0.0,73.9,52,11.5
17031660600,2016-09-02 16:00:00,0,0,0.0,73.9,52,11.5
17031660700,2016-09-02 16:00:00,0,0,0.0,73.9,52,11.5
17031660800,2016-09-02 16:00:00,0,0,0.0,73.9,52,11.5
17031660900,2016-09-02 16:00:00,0,0,0.0,73.9,52,11.5
17031661000,2016-09-02 16:00:00,0,3,0.0,73.9,52,11.5
17031661100,2016-09-02 16:00:00,0,0,0.0,73.9,52,11.5
17031670100,2016-09-02 16:00:00,0,0,0.0,73.9,52,11.5
17031670200,2016-09-02 16:00:00,0,4,15.4115685329,73.9,52,11.5
17031670300,2016-09-02 16:00:00,0,4,15.4115685329,73.9,52,11.5
17031670400,2016-09-02 16:00:00,0,0,0.0,73.9,52,11.5
17031670500,2016-09-02 16:00:00,0,0,0.0,73.9,52,11.5
17031670600,2016-09-02 16:00:00,0,0,0.0,73.9,52,11.5
17031670700,2016-09-02 16:00:00,0,3,7.113282105539999,73.9,52,11.5
17031670800,2016-09-02 16:00:00,0,0,0.0,73.9,52,11.5
17031670900,2016-09-02 16:00:00,0,0,0.0,73.9,52,11.5
17031671100,2016-09-02 16:00:00,0,0,0.0,73.9,52,11.5
17031671200,2016-09-02 16:00:00,0,0,0.0,73.9,52,11.5
17031671300,2016-09-02 16:00:00,0,0,0.0,73.9,52,11.5
17031671400,2016-09-02 16:00:00,0,0,0.0,73.9,52,11.5
17031671500,2016-09-02 16:00:00,0,0,0.0,73.9,52,11.5
17031671600,2016-09-02 16:00:00,0,0,0.0,73.9,52,11.5
17031671800,2016-09-02 16:00:00,0,0,0.0,73.9,52,11.5
17031671900,2016-09-02 16:00:00,0,0,0.0,73.9,52,11.5
17031672000,2016-09-02 16:00:00,0,0,0.0,73.9,52,11.5
17031680500,2016-09-02 16:00:00,0,0,0.0,73.9,52,11.5
17031680600,2016-09-02 16:00:00,0,0,0.0,73.9,52,11.5
17031680900,2016-09-02 16:00:00,0,10,6.80963990649,73.9,52,11.5
17031681000,2016-09-02 16:00:00,0,0,0.0,73.9,52,11.5
17031681100,2016-09-02 16:00:00,0,0,0.0,73.9,52,11.5
17031681200,2016-09-02 16:00:00,0,0,0.0,73.9,52,11.5
17031681300,2016-09-02 16:00:00,0,0,0.0,73.9,52,11.5
17031681400,2016-09-02 16:00:00,0,0,0.0,73.9,52,11.5
17031690300,2016-09-02 16:00:00,2,9,14.7848069637,73.9,52,11.5
17031690400,2016-09-02 16:00:00,1,0,0.0,73.9,52,11.5
17031690500,2016-09-02 16:00:00,1,2,26.174654142399998,73.9,52,11.5
17031690900,2016-09-02 16:00:00,0,0,0.0,73.9,52,11.5
17031691000,2016-09-02 16:00:00,0,0,0.0,73.9,52,11.5
17031691100,2016-09-02 16:00:00,1,7,11.8904100599,73.9,52,11.5
17031691200,2016-09-02 16:00:00,1,3,9.38650972767,73.9,52,11.5
17031691300,2016-09-02 16:00:00,0,0,0.0,73.9,52,11.5
17031691400,2016-09-02 16:00:00,1,0,0.0,73.9,52,11.5
17031691500,2016-09-02 16:00:00,1,0,0.0,73.9,52,11.5
17031700100,2016-09-02 16:00:00,0,0,0.0,73.9,52,11.5
17031700200,2016-09-02 16:00:00,0,2,13.1781227437,73.9,52,11.5
17031700301,2016-09-02 16:00:00,0,0,0.0,73.9,52,11.5
17031700302,2016-09-02 16:00:00,0,0,0.0,73.9,52,11.5
17031700401,2016-09-02 16:00:00,0,0,0.0,73.9,52,11.5
17031700402,2016-09-02 16:00:00,0,0,0.0,73.9,52,11.5
17031700501,2016-09-02 16:00:00,0,3,11.6776782577,73.9,52,11.5
17031700502,2016-09-02 16:00:00,0,5,12.257326114300001,73.9,52,11.5
17031710100,2016-09-02 16:00:00,0,0,0.0,73.9,52,11.5
17031710200,2016-09-02 16:00:00,0,0,0.0,73.9,52,11.5
17031710300,2016-09-02 16:00:00,0,0,0.0,73.9,52,11.5
17031710400,2016-09-02 16:00:00,0,0,0.0,73.9,52,11.5
17031710500,2016-09-02 16:00:00,0,0,0.0,73.9,52,11.5
17031710600,2016-09-02 16:00:00,0,0,0.0,73.9,52,11.5
17031710700,2016-09-02 16:00:00,0,0,0.0,73.9,52,11.5
17031710800,2016-09-02 16:00:00,0,0,0.0,73.9,52,11.5
17031710900,2016-09-02 16:00:00,0,5,0.399845685107,73.9,52,11.5
17031711000,2016-09-02 16:00:00,0,5,0.399845685107,73.9,52,11.5
17031711100,2016-09-02 16:00:00,0,0,0.0,73.9,52,11.5
17031711200,2016-09-02 16:00:00,0,0,0.0,73.9,52,11.5
17031711300,2016-09-02 16:00:00,0,0,0.0,73.9,52,11.5
17031711400,2016-09-02 16:00:00,0,0,0.0,73.9,52,11.5
17031711500,2016-09-02 16:00:00,0,0,0.0,73.9,52,11.5
17031720100,2016-09-02 16:00:00,0,2,15.1630364255,73.9,52,11.5
17031720200,2016-09-02 16:00:00,0,5,3.32897911869,73.9,52,11.5
17031720300,2016-09-02 16:00:00,0,0,0.0,73.9,52,11.5
17031720400,2016-09-02 16:00:00,0,0,0.0,73.9,52,11.5
17031720500,2016-09-02 16:00:00,0,0,0.0,73.9,52,11.5
17031720600,2016-09-02 16:00:00,0,0,0.0,73.9,52,11.5
17031720700,2016-09-02 16:00:00,0,0,0.0,73.9,52,11.5
17031730100,2016-09-02 16:00:00,0,0,0.0,73.9,52,11.5
17031730201,2016-09-02 16:00:00,0,0,0.0,73.9,52,11.5
17031730202,2016-09-02 16:00:00,0,0,0.0,73.9,52,11.5
17031730300,2016-09-02 16:00:00,0,0,0.0,73.9,52,11.5
17031730400,2016-09-02 16:00:00,0,5,3.32897911869,73.9,52,11.5
17031730500,2016-09-02 16:00:00,1,0,0.0,73.9,52,11.5
17031730600,2016-09-02 16:00:00,0,5,3.32897911869,73.9,52,11.5
17031730700,2016-09-02 16:00:00,0,0,0.0,73.9,52,11.5
17031740100,2016-09-02 16:00:00,1,0,0.0,73.9,52,11.5
17031740200,2016-09-02 16:00:00,0,0,0.0,73.9,52,11.5
17031740300,2016-09-02 16:00:00,0,0,0.0,73.9,52,11.5
17031740400,2016-09-02 16:00:00,1,2,4.278516220019999,73.9,52,11.5
17031750100,2016-09-02 16:00:00,0,0,0.0,73.9,52,11.5
17031750200,2016-09-02 16:00:00,0,0,0.0,73.9,52,11.5
17031750300,2016-09-02 16:00:00,0,0,0.0,73.9,52,11.5
17031750400,2016-09-02 16:00:00,0,0,0.0,73.9,52,11.5
17031750500,2016-09-02 16:00:00,0,6,27.4482982519,73.9,52,11.5
17031750600,2016-09-02 16:00:00,0,0,0.0,73.9,52,11.5
17031760801,2016-09-02 16:00:00,0,14,20.6469530072,73.9,52,11.5
17031760802,2016-09-02 16:00:00,3,14,7.93600797418,73.9,52,11.5
17031760803,2016-09-02 16:00:00,2,0,0.0,73.9,52,11.5
17031830500,2016-09-02 16:00:00,2,14,13.378390479,73.9,52,11.5
17031830600,2016-09-02 16:00:00,1,1,0.582460705166,73.9,52,11.5
17031830700,2016-09-02 16:00:00,0,4,2.82880011041,73.9,52,11.5
17031830800,2016-09-02 16:00:00,0,0,0.0,73.9,52,11.5
17031830900,2016-09-02 16:00:00,6,40,7.050231716619999,73.9,52,11.5
17031831000,2016-09-02 16:00:00,0,0,0.0,73.9,52,11.5
17031831100,2016-09-02 16:00:00,4,32,28.5302998767,73.9,52,11.5
17031831200,2016-09-02 16:00:00,0,0,0.0,73.9,52,11.5
17031831300,2016-09-02 16:00:00,1,0,0.0,73.9,52,11.5
17031831400,2016-09-02 16:00:00,4,29,5.94641812032,73.9,52,11.5
17031831500,2016-09-02 16:00:00,0,0,0.0,73.9,52,11.5
17031831600,2016-09-02 16:00:00,0,0,0.0,73.9,52,11.5
17031831700,2016-09-02 16:00:00,1,42,2.8134581078400003,73.9,52,11.5
17031831800,2016-09-02 16:00:00,3,5,6.592280241699999,73.9,52,11.5
17031831900,2016-09-02 16:00:00,0,1,14.1018568784,73.9,52,11.5
17031832000,2016-09-02 16:00:00,0,0,0.0,73.9,52,11.5
17031832100,2016-09-02 16:00:00,4,0,0.0,73.9,52,11.5
17031832200,2016-09-02 16:00:00,5,9,3.9056952054500003,73.9,52,11.5
17031832300,2016-09-02 16:00:00,3,26,5.727179035210001,73.9,52,11.5
17031832400,2016-09-02 16:00:00,0,0,0.0,73.9,52,11.5
17031832500,2016-09-02 16:00:00,5,7,5.85900239946,73.9,52,11.5
17031832600,2016-09-02 16:00:00,3,22,6.90205313033,73.9,52,11.5
17031832900,2016-09-02 16:00:00,1,3,3.1273441851099997,73.9,52,11.5
17031833000,2016-09-02 16:00:00,1,19,3.93461833177,73.9,52,11.5
17031833100,2016-09-02 16:00:00,0,11,2.49218423902,73.9,52,11.5
17031833300,2016-09-02 16:00:00,0,7,4.62761198891,73.9,52,11.5
17031833900,2016-09-02 16:00:00,0,0,0.0,73.9,52,11.5
17031834000,2016-09-02 16:00:00,1,8,8.7176845525,73.9,52,11.5
17031834200,2016-09-02 16:00:00,0,6,3.0910206280000003,73.9,52,11.5
17031834300,2016-09-02 16:00:00,0,2,3.00537636458,73.9,52,11.5
17031834400,2016-09-02 16:00:00,0,0,0.0,73.9,52,11.5
17031834500,2016-09-02 16:00:00,0,4,8.09557403421,73.9,52,11.5
17031834600,2016-09-02 16:00:00,4,14,16.188826168800002,73.9,52,11.5
17031834700,2016-09-02 16:00:00,0,0,0.0,73.9,52,11.5
17031834800,2016-09-02 16:00:00,0,0,0.0,73.9,52,11.5
17031834900,2016-09-02 16:00:00,0,0,0.0,73.9,52,11.5
17031835000,2016-09-02 16:00:00,0,0,0.0,73.9,52,11.5
17031835100,2016-09-02 16:00:00,0,0,0.0,73.9,52,11.5
17031835200,2016-09-02 16:00:00,0,0,0.0,73.9,52,11.5
17031835500,2016-09-02 16:00:00,3,26,6.28091088765,73.9,52,11.5
17031835600,2016-09-02 16:00:00,4,26,9.52817228772,73.9,52,11.5
17031835700,2016-09-02 16:00:00,0,0,0.0,73.9,52,11.5
17031835800,2016-09-02 16:00:00,1,0,0.0,73.9,52,11.5
17031835900,2016-09-02 16:00:00,0,0,0.0,73.9,52,11.5
17031836000,2016-09-02 16:00:00,1,0,0.0,73.9,52,11.5
17031836100,2016-09-02 16:00:00,0,0,0.0,73.9,52,11.5
17031836200,2016-09-02 16:00:00,0,0,0.0,73.9,52,11.5
17031836300,2016-09-02 16:00:00,0,0,0.0,73.9,52,11.5
17031836400,2016-09-02 16:00:00,2,5,30.8674242957,73.9,52,11.5
17031836500,2016-09-02 16:00:00,1,3,35.517638384,73.9,52,11.5
17031836600,2016-09-02 16:00:00,1,1,0.187234410441,73.9,52,11.5
17031836700,2016-09-02 16:00:00,0,0,0.0,73.9,52,11.5
17031836800,2016-09-02 16:00:00,1,0,0.0,73.9,52,11.5
17031836900,2016-09-02 16:00:00,0,0,0.0,73.9,52,11.5
17031837000,2016-09-02 16:00:00,2,6,5.89825357635,73.9,52,11.5
17031837100,2016-09-02 16:00:00,0,0,0.0,73.9,52,11.5
17031837300,2016-09-02 16:00:00,0,0,0.0,73.9,52,11.5
17031837400,2016-09-02 16:00:00,1,23,6.68508927745,73.9,52,11.5
17031837800,2016-09-02 16:00:00,0,0,0.0,73.9,52,11.5
17031838000,2016-09-02 16:00:00,0,17,5.04065102264,73.9,52,11.5
17031838100,2016-09-02 16:00:00,2,11,9.38150715772,73.9,52,11.5
17031838200,2016-09-02 16:00:00,0,3,9.261410659410002,73.9,52,11.5
17031838300,2016-09-02 16:00:00,0,0,0.0,73.9,52,11.5
17031838600,2016-09-02 16:00:00,0,5,12.1260632457,73.9,52,11.5
17031838700,2016-09-02 16:00:00,1,0,0.0,73.9,52,11.5
17031838800,2016-09-02 16:00:00,4,13,16.3313254779,73.9,52,11.5
17031839000,2016-09-02 16:00:00,1,9,2.06058643875,73.9,52,11.5
17031839100,2016-09-02 16:00:00,1,25,1.93089351523,73.9,52,11.5
17031839200,2016-09-02 16:00:00,0,0,0.0,73.9,52,11.5
17031839500,2016-09-02 16:00:00,0,0,0.0,73.9,52,11.5
17031839600,2016-09-02 16:00:00,0,0,0.0,73.9,52,11.5
17031839700,2016-09-02 16:00:00,0,1,0.261665957377,73.9,52,11.5
17031839800,2016-09-02 16:00:00,0,1,0.261665957377,73.9,52,11.5
17031839900,2016-09-02 16:00:00,0,0,0.0,73.9,52,11.5
17031840000,2016-09-02 16:00:00,0,0,0.0,73.9,52,11.5
17031840100,2016-09-02 16:00:00,0,0,0.0,73.9,52,11.5
17031840200,2016-09-02 16:00:00,2,17,5.442842193150001,73.9,52,11.5
17031840300,2016-09-02 16:00:00,0,18,4.2607932569099995,73.9,52,11.5
17031840400,2016-09-02 16:00:00,2,6,5.3091302556599995,73.9,52,11.5
17031840700,2016-09-02 16:00:00,0,4,5.991466432749999,73.9,52,11.5
17031840800,2016-09-02 16:00:00,0,0,0.0,73.9,52,11.5
17031841000,2016-09-02 16:00:00,2,12,4.3688528348,73.9,52,11.5
17031841100,2016-09-02 16:00:00,3,19,4.93292602866,73.9,52,11.5
17031841200,2016-09-02 16:00:00,0,8,13.2254299602,73.9,52,11.5
17031841300,2016-09-02 16:00:00,0,20,2.4802493413900004,73.9,52,11.5
17031841400,2016-09-02 16:00:00,0,0,0.0,73.9,52,11.5
17031841500,2016-09-02 16:00:00,0,1,14.066087673599998,73.9,52,11.5
17031841600,2016-09-02 16:00:00,0,0,0.0,73.9,52,11.5
17031841700,2016-09-02 16:00:00,0,0,0.0,73.9,52,11.5
17031841800,2016-09-02 16:00:00,0,0,0.0,73.9,52,11.5
17031841900,2016-09-02 16:00:00,5,13,6.39614575986,73.9,52,11.5
17031842000,2016-09-02 16:00:00,0,8,10.304444030199999,73.9,52,11.5
17031842100,2016-09-02 16:00:00,0,1,13.131328496199998,73.9,52,11.5
17031842200,2016-09-02 16:00:00,4,29,7.043311244680001,73.9,52,11.5
17031842300,2016-09-02 16:00:00,31,139,4.91339267316,73.9,52,11.5
17031842400,2016-09-02 16:00:00,2,12,13.9960336156,73.9,52,11.5
17031842500,2016-09-02 16:00:00,1,15,6.40137839857,73.9,52,11.5
17031842600,2016-09-02 16:00:00,0,0,0.0,73.9,52,11.5
17031842800,2016-09-02 16:00:00,0,0,0.0,73.9,52,11.5
17031842900,2016-09-02 16:00:00,0,4,0.135987742129,73.9,52,11.5
17031843000,2016-09-02 16:00:00,1,0,0.0,73.9,52,11.5
17031843100,2016-09-02 16:00:00,0,9,10.7628069919,73.9,52,11.5
17031843200,2016-09-02 16:00:00,7,77,5.22335243023,73.9,52,11.5
17031843300,2016-09-02 16:00:00,0,0,0.0,73.9,52,11.5
17031843400,2016-09-02 16:00:00,0,0,0.0,73.9,52,11.5
17031843500,2016-09-02 16:00:00,3,22,3.44920294874,73.9,52,11.5
17031843600,2016-09-02 16:00:00,0,0,0.0,73.9,52,11.5
17031843700,2016-09-02 16:00:00,7,17,6.81209110357,73.9,52,11.5
17031843800,2016-09-02 16:00:00,0,0,0.0,73.9,52,11.5
17031843900,2016-09-02 16:00:00,0,4,6.93140646895,73.9,52,11.5
17031980000,2016-09-02 16:00:00,13,27,9.56054488737,73.9,52,11.5
17031980100,2016-09-02 16:00:00,1,4,2.9026359344,73.9,52,11.5
17043840000,2016-09-02 16:00:00,0,14,9.59049363813,73.9,52,11.5
